0.240913 8.94427 40 0
0.255728 8.94427 40 0
0.273944 8.94427 40 0
0.293312 8.94427 40 0
0.313774 8.94427 40 0
0.333536 8.94427 40 0
0.353617 8.94427 40 0
0.37315 8.94427 40 0
0.393169 8.94427 40 0
0.413056 8.94427 40 0
0.433754 8.94427 40 0
0.453643 8.94427 40 0
0.480719 8.94427 40 0
0.498059 8.94427 40 0
0.513517 8.94427 40 0
0.532548 8.94427 40 0
0.553098 8.94427 40 0
0.572516 8.94427 40 0
0.592643 8.94427 40 0
0.612605 8.94427 40 0
0.632451 8.94427 40 0
0.652529 8.94427 40 0
0.673258 8.94427 40 0
0.692678 8.94427 40 0
0.719883 8.94427 40 0
0.739596 8.94427 40 0
0.756801 8.94427 40 0
0.775225 8.94427 40 0
0.79462 8.94427 40 0
0.815029 8.94427 40 0
0.834275 8.94427 40 0
0.854489 8.94427 40 0
0.874785 8.94427 40 0
0.894595 8.94427 40 0
0.914737 8.94427 40 0
0.934394 8.94427 40 0
0.954716 8.94427 40 0
0.974335 8.94427 40 0
0.994552 8.94427 40 0
1.01438 8.94427 40 0
1.03481 8.94427 40 0
1.05407 8.94427 40 0
1.07479 8.94427 40 0
1.09444 8.94427 40 0
1.11443 8.94427 40 0
1.13471 8.94427 40 0
1.15471 8.94427 40 0
1.17419 8.94427 40 0
1.19979 8.94427 40 0
1.22026 8.94427 40 0
1.23971 8.94427 40 0
1.2592 8.94427 40 0
1.27925 8.94427 40 0
1.29883 8.94427 40 0
1.31912 8.94427 40 0
1.33922 8.94427 40 0
1.35937 8.94427 40 0
1.37883 8.94427 40 0
1.39952 8.94427 40 0
1.41921 8.94427 40 0
1.43931 8.94427 40 0
1.45896 8.94427 40 0
1.47985 8.94427 40 0
1.49922 8.94427 40 0
1.51877 8.94427 40 0
1.53953 8.94427 40 0
1.55904 8.94427 40 0
1.57887 8.94427 40 0
1.59821 8.94427 40 0
1.61966 8.94427 40 0
1.63897 8.94427 40 0
1.66075 8.94427 40 0
1.67909 8.94427 40 0
1.69929 8.94427 40 0
1.71983 8.94427 40 0
1.73895 8.94427 40 0
1.75997 8.94427 40 0
1.77878 8.94427 40 0
1.80078 8.94427 40 0
1.81805 8.94427 40 0
1.83978 8.94427 40 0
1.85918 8.94427 40 0
1.88005 8.94427 40 0
1.89915 8.94427 40 0
1.91871 8.94427 40 0
1.93906 8.94427 40 0
1.95976 8.94427 40 0
1.97951 8.94427 40 0
1.99968 8.94427 40 0
2.01995 8.94427 40 0
2.03911 8.94427 40 0
2.0586 8.94427 40 0
2.07866 8.94427 40 0
2.09925 8.94427 40 0
2.1222 8.94427 40 0
2.13947 8.94427 40 0
2.15953 8.94427 40 0
2.17986 8.94427 40 0
2.19995 8.94427 40 0
2.21948 8.94427 40 0
2.23914 8.94427 40 0
2.25905 8.94427 40 0
2.27962 8.94427 40 0
2.30073 8.94427 40 0
2.32021 8.94427 40 0
2.34126 8.94427 40 0
2.36053 8.94427 40 0
2.38266 8.94427 40 0
2.39986 8.94427 40 0
2.41933 8.94427 40 0
2.43875 8.94427 40 0
2.46052 8.94427 40 0
2.47943 8.94427 40 0
2.49929 8.94427 40 0
2.51916 8.94427 40 0
2.53925 8.94427 40 0
2.55866 8.94427 40 0
2.57904 8.94427 40 0
2.5992 8.94427 40 0
2.62 8.94427 40 0
2.63789 8.94427 40 0
2.65987 8.94427 40 0
2.67838 8.94427 40 0
2.69932 8.94427 40 0
2.72039 8.94427 40 0
2.73928 8.94427 40 0
2.75935 8.94427 40 0
2.77854 8.94427 40 0
2.79904 8.94427 40 0
2.81921 8.94427 40 0
2.83985 8.94427 40 0
2.85901 8.94427 40 0
2.87907 8.94427 40 0
2.89906 8.94427 40 0
2.91941 8.94427 40 0
2.93945 8.94427 40 0
2.96033 8.94427 40 0
2.97977 8.94427 40 0
2.99979 8.94427 40 0
3.01908 8.94427 40 0
3.03916 8.94427 40 0
3.05937 8.94427 40 0
3.07938 8.94427 40 0
3.09893 8.94427 40 0
3.11922 8.94427 40 0
3.1385 8.94427 40 0
3.15876 8.94427 40 0
3.17973 8.94427 40 0
3.19982 8.94427 40 0
3.21893 8.94427 40 0
3.23953 8.94427 40 0
3.26015 8.94427 40 0
3.27981 8.94427 40 0
3.29945 8.94427 40 0
3.31897 8.94427 40 0
3.33981 8.94427 40 0
3.36132 8.94427 40 0
3.38017 8.94427 40 0
3.39932 8.94427 40 0
3.41893 8.94427 40 0
3.4388 8.94427 40 0
3.45917 8.94427 40 0
3.47972 8.94427 40 0
3.49925 8.94427 40 0
3.51961 8.94427 40 0
3.53865 8.94427 40 0
3.55989 8.94427 40 0
3.57899 8.94427 40 0
3.59954 8.94427 40 0
3.61886 8.94427 40 0
3.63965 8.94427 40 0
3.66048 8.94427 40 0
3.67967 8.94427 40 0
3.69916 8.94427 40 0
3.71937 8.94427 40 0
3.73879 8.94427 40 0
3.7597 8.94427 40 0
3.77885 8.94427 40 0
3.79926 8.94427 40 0
3.8196 8.94427 40 0
3.84033 8.94427 40 0
3.85992 8.94427 40 0
3.87977 8.94427 40 0
3.89862 8.94427 40 0
3.91804 8.94427 40 0
3.93853 8.94427 40 0
3.95952 8.94427 40 0
3.97922 8.94427 40 0
4.00003 8.94427 40 0
4.01851 8.94427 40 0
4.04061 8.94427 40 0
4.05987 8.94427 40 0
4.07877 8.94427 40 0
4.09947 8.94427 40 0
4.11915 8.94427 40 0
4.13978 8.94427 40 0
4.15945 8.94427 40 0
4.17907 8.94427 40 0
4.19905 8.94427 40 0
4.21947 8.94427 40 0
4.23942 8.94427 40 0
4.25936 8.94427 40 0
4.27964 8.94427 40 0
4.29941 8.94427 40 0
4.31871 8.94427 40 0
4.3386 8.94427 40 0
4.35959 8.94427 40 0
4.37934 8.94427 40 0
4.39952 8.94427 40 2.10734e-08
4.4192 8.94427 40 2.10734e-08
4.43888 8.94427 40 2.10734e-08
4.45925 8.94427 40 2.10734e-08
4.47926 8.94427 40 2.10734e-08
4.50265 8.94427 40 2.10734e-08
4.52109 8.94427 40 4.56622e-07
4.53994 8.94427 40 3.56901e-27
4.55961 8.94427 40 2.10734e-08
4.57902 8.94427 40 2.03695e-20
4.59994 8.94427 40 1.59209e-40
4.62188 8.94427 40 0
4.64053 8.94427 40 0
4.65955 8.94427 40 0
4.67879 8.94427 40 0
4.7001 8.94427 40 1.66542e-08
4.71954 8.94423 39.9997 1.6648e-08
4.74115 8.94416 39.999 1.6644e-08
4.76015 8.94391 39.9967 1.73162e-05
4.78063 8.94352 39.9933 1.41421e-05
4.80217 8.9432 39.9904 2.23607e-05
4.82051 8.94278 39.9867 3.16181e-05
4.84127 8.94228 39.9822 3.31663e-05
4.86 8.94168 39.9768 3.31663e-05
4.88079 8.94096 39.9704 3.31663e-05
4.90159 8.94012 39.9629 3.16251e-05
4.92004 8.93918 39.9545 3.16251e-05
4.93982 8.93807 39.9445 3.16251e-05
4.95919 8.93683 39.9334 3.16251e-05
4.97969 8.93547 39.9213 1.00075e-05
4.99984 8.93404 39.9086 1.00075e-05
5.02198 8.93232 39.8932 1.00075e-05
5.04139 8.93051 39.877 2.00002e-05
5.06093 8.92856 39.8596 1.41422e-05
5.08139 8.92651 39.8413 1.41422e-05
5.1032 8.92456 39.8238 2e-05
5.12037 8.92261 39.8064 1.73163e-05
5.14049 8.92061 39.7887 1.00075e-05
5.16018 8.91864 39.7711 1.00075e-05
5.18254 8.9167 39.7538 1.00075e-05
5.19999 8.91467 39.7356 1.00075e-05
5.22142 8.91289 39.7198 1.00075e-05
5.24034 8.91152 39.7076 1.00075e-05
5.26123 8.91056 39.6991 1.00075e-05
5.2798 8.90995 39.6936 1.00075e-05
5.30101 8.90974 39.6917 1.00075e-05
5.31941 8.90985 39.6927 1.00075e-05
5.34004 8.91029 39.6967 1.00075e-05
5.36014 8.9111 39.7038 1.00075e-05
5.3808 8.91186 39.7107 1.00075e-05
5.40055 8.9128 39.719 1.00075e-05
5.42075 8.9137 39.727 1.00075e-05
5.43981 8.91469 39.7359 1.00075e-05
5.46011 8.91598 39.7474 1.00075e-05
5.47983 8.91705 39.7569 1.00075e-05
5.49988 8.91814 39.7666 1.00075e-05
5.52201 8.91935 39.7774 1.73335e-05
5.54074 8.92045 39.7872 2.5198e-05
5.56013 8.92133 39.7951 3.74204e-05
5.57977 8.9223 39.8037 5.09929e-05
5.6015 8.92506 39.8284 5.47776e-05
5.62124 8.92742 39.8494 4.69073e-05
5.63997 8.92871 39.8609 6.48119e-05
5.66173 8.9299 39.8716 8.36713e-05
5.67979 8.93112 39.8825 0.000103447
5.69993 8.93236 39.8936 0.00011875
5.72063 8.93354 39.9041 0.000135284
5.73996 8.93464 39.9139 0.000130004
5.76036 8.93556 39.9221 0.000104893
5.78052 8.93631 39.9288 0.000122895
5.8011 8.93693 39.9344 0.000142257
5.82012 8.93746 39.9391 0.000128072
5.8407 8.93785 39.9426 9.11126e-05
5.86313 8.93813 39.9451 0.000103932
5.87971 8.93816 39.9453 0.000118331
5.9012 8.93723 39.937 0.000132676
5.92053 8.93632 39.9289 0.000139293
5.93945 8.93522 39.9191 6.24585e-05
5.9595 8.93417 39.9097 7.87497e-05
5.97916 8.93344 39.9031 9.27444e-05
5.9994 8.93344 39.9031 0.000101989
6.02114 8.93344 39.9031 0.000103933
6.03967 8.93344 39.9031 0.000114465
6.06032 8.93344 39.9031 0.000120008
6.07915 8.93344 39.9031 1.00075e-05
6.10066 8.93344 39.9031 2.10734e-08
6.11957 8.93344 39.9031 1.41316e-05
6.14033 8.93344 39.9031 1.99926e-05
6.16146 8.93344 39.9031 2.99926e-05
6.17965 8.93344 39.9031 3.99926e-05
6.20128 8.93344 39.9031 4.99926e-05
6.22053 8.93344 39.9031 2.10734e-08
6.24105 8.93344 39.9031 2.10734e-08
6.25953 8.93344 39.9031 1.41316e-05
6.28108 8.93344 39.9031 1.99926e-05
6.29929 8.93344 39.9031 3.16181e-05
6.32004 8.93344 39.9031 3.99926e-05
6.34011 8.93344 39.9031 4.99926e-05
6.35979 8.93344 39.9031 5.09844e-05
6.37965 8.93344 39.9031 4.99926e-05
6.39974 8.93344 39.9031 6.16393e-05
6.4222 8.93344 39.9031 6.99926e-05
6.44038 8.93344 39.9031 8.12349e-05
6.46024 8.93344 39.9031 9.27314e-05
6.47982 8.9334 39.9028 9.99926e-05
6.50124 8.93336 39.9025 0.000110447
6.52062 8.93374 39.9059 0.000112244
6.54035 8.93421 39.91 0.000113574
6.56057 8.93493 39.9165 0.000115755
6.58068 8.93517 39.9186 4.00112e-05
6.60001 8.93604 39.9264 2.45011e-05
6.62079 8.93566 39.923 3.00124e-05
6.6425 8.93707 39.9356 3.00124e-05
6.66002 8.93695 39.9345 3.46538e-05
6.67988 8.93689 39.934 4.12435e-05
6.70119 8.93665 39.9319 4.90017e-05
6.72067 8.93635 39.9292 4.90017e-05
6.74057 8.93574 39.9237 2.82949e-05
6.76001 8.9349 39.9162 3.6066e-05
6.77974 8.93455 39.9131 3.74286e-05
6.80092 8.93489 39.9161 4.24404e-05
6.82001 8.93518 39.9187 4.58403e-05
6.84019 8.93511 39.9181 4.69168e-05
6.86008 8.93527 39.9195 5.3864e-05
6.88164 8.93577 39.924 6.55867e-05
6.90004 8.93798 39.9437 6.55867e-05
6.92091 8.93955 39.9577 7.87532e-05
6.93996 8.94085 39.9694 9.38225e-05
6.96008 8.94219 39.9814 7.3497e-05
6.97962 8.94335 39.9917 8.66155e-05
7.00056 8.94391 39.9967 0.000101503
7.02079 8.94441 40.0012 0.000117913
7.03987 8.94547 40.0107 8.18654e-05
7.06074 8.94613 40.0166 9.54056e-05
7.07999 8.94523 40.0086 5.29263e-05
7.10031 8.9476 40.0297 3.87395e-05
7.12035 8.95002 40.0514 3.31732e-05
7.14088 8.95038 40.0546 1.73242e-05
7.16055 8.94905 40.0427 2.64598e-05
7.18024 8.94736 40.0276 2.64598e-05
7.20094 8.94553 40.0113 2.82885e-05
7.22082 8.94125 39.973 4.0003e-05
7.24158 8.93483 39.9156 5.29172e-05
7.25993 8.92909 39.8644 6.63342e-05
7.28012 8.92402 39.8191 6.55752e-05
7.30022 8.91938 39.7777 6.55752e-05
7.32084 8.91595 39.7471 7.99998e-05
7.33994 8.91281 39.7191 9.69548e-05
7.3618 8.90685 39.666 9.48682e-05
7.38004 8.90419 39.6423 0.000108628
7.3997 8.9017 39.6201 8.42711e-05
7.41999 8.89653 39.5742 9.38162e-05
7.43958 8.88852 39.5029 0.000107246
7.45963 8.87995 39.4267 0.000119589
7.48099 8.87153 39.352 0.000133422
7.50039 8.86291 39.2756 0.000133422
7.52069 8.85407 39.1973 0.000144919
7.54043 8.84447 39.1123 5.00019e-05
7.56073 8.83546 39.0326 2.8295e-05
7.58117 8.82508 38.941 3.16324e-05
7.59985 8.8139 38.8424 4.00076e-05
7.62116 8.80172 38.7351 3.46546e-05
7.64011 8.78759 38.6109 4.24377e-05
7.66267 8.77423 38.4935 5.29242e-05
7.68095 8.76064 38.3744 6.24637e-05
7.70152 8.74671 38.2524 7.48459e-05
7.72037 8.7321 38.1248 5.38615e-05
7.7409 8.71606 37.9849 5.38615e-05
7.76067 8.69941 37.8398 6.4817e-05
7.78313 8.68241 37.6921 7.55096e-05
7.79979 8.66513 37.5422 8.88913e-05
7.82178 8.64733 37.3882 4.89963e-05
7.83996 8.62856 37.2261 5.38621e-05
7.86063 8.61079 37.0729 6.40403e-05
7.88116 8.59316 36.9212 2.00076e-05
7.89994 8.57578 36.772 2.00076e-05
7.91986 8.55759 36.6162 2.00076e-05
7.94084 8.53829 36.4512 2.23637e-05
7.95992 8.51899 36.2866 2.82837e-05
7.98042 8.49981 36.1233 3.87306e-05
8.00038 8.48123 35.9656 3.60651e-05
8.02004 8.46324 35.8132 3.60651e-05
8.03903 8.44502 35.6592 3.87356e-05
8.06111 8.42531 35.4929 5.00044e-05
8.07891 8.40498 35.3218 6.24534e-05
8.10072 8.38468 35.1514 7.55011e-05
8.11953 8.36382 34.9767 8.1242e-05
8.14068 8.34278 34.801 8.77502e-05
8.15945 8.32098 34.6194 9.53946e-05
8.17984 8.29959 34.4416 0.000102468
8.20013 8.27755 34.2589 0.000110452
8.22072 8.25442 34.0677 0.000110452
8.24051 8.23292 33.8905 0.000118741
8.2601 8.21264 33.7237 0.000127277
8.28048 8.19232 33.557 0.000122059
8.29926 8.17088 33.3816 0.000131902
8.32041 8.14887 33.2021 0.000141767
8.33958 8.12668 33.0215 0.00015165
8.3598 8.10484 32.8442 0.00015165
8.37939 8.08484 32.6823 0.000152638
8.40037 8.06581 32.5286 0.000152638
8.42076 8.04861 32.39 0.000152309
8.43962 8.03143 32.2519 0.000152964
8.46007 8.01662 32.1331 0.000144908
8.48004 8.00338 32.027 0.000137836
8.50136 7.99021 31.9217 0.000133413
8.51944 7.9783 31.8266 0.000133413
8.53987 7.97145 31.772 0.00013892
8.55993 7.96433 31.7152 0.00013892
8.57966 7.95698 31.6567 0.000147983
8.59991 7.94893 31.5928 0.000147983
8.61981 7.94017 31.5231 0.000159686
8.64062 7.93196 31.458 0.000159372
8.66018 7.92293 31.3864 0.000161552
8.68022 7.91371 31.3134 0.00014035
8.7002 7.90449 31.2405 0.000144906
8.72047 7.89499 31.1654 0.000149992
8.74095 7.88538 31.0896 0.000149992
8.76038 7.87593 31.0152 0.000149992
8.78063 7.86775 30.9508 0.000144558
8.80019 7.85888 30.881 0.000144558
8.82111 7.85081 30.8176 0.000144558
8.84006 7.84305 30.7567 0.000152307
8.86026 7.83633 30.704 0.000152307
8.87948 7.82938 30.6496 0.000161548
8.89977 7.82214 30.5929 0.00017291
8.91988 7.81511 30.5379 0.000178878
8.94038 7.80694 30.4742 0.000178878
8.96162 7.79895 30.4118 0.000178878
8.9807 7.79122 30.3515 0.000178878
9.00224 7.78388 30.2944 0.000131527
9.01965 7.77615 30.2343 0.000121649
9.04151 7.7683 30.1732 0.00012165
9.06071 7.76017 30.1101 0.00012165
9.08059 7.75116 30.0402 0.000124092
9.09922 7.74153 29.9657 0.000130765
9.1199 7.73543 29.9185 0.000134905
9.14025 7.73054 29.8807 0.000134905
9.16108 7.72567 29.843 0.000134905
9.18006 7.71889 29.7906 0.000139284
9.19973 7.71114 29.7308 0.000148662
9.22109 7.70443 29.6791 0.000159377
9.24009 7.69783 29.6283 0.000171177
9.26227 7.69193 29.5829 0.00014422
9.27937 7.68635 29.54 0.000149999
9.30007 7.68114 29.5 0.000156525
9.32115 7.67689 29.4673 0.000163095
9.3411 7.67229 29.432 0.000170001
9.36009 7.66844 29.4025 0.000178046
9.37885 7.66835 29.4018 0.000187885
9.40051 7.66827 29.4012 0.000185473
9.42031 7.6682 29.4006 0.000189474
9.44278 7.66443 29.3717 0.000188151
9.45978 7.66065 29.3428 0.000196726
9.48066 7.65733 29.3173 0.000205429
9.49925 7.658 29.3225 0.000210479
9.51935 7.65869 29.3277 0.000216799
9.53993 7.65934 29.3328 8.99991e-05
9.56 7.65648 29.3108 7.93589e-05
9.58003 7.6519 29.2758 7.67955e-05
9.60052 7.64727 29.2404 7.67955e-05
9.62017 7.64212 29.201 7.67955e-05
9.64021 7.63664 29.1592 7.67955e-05
9.66079 7.63114 29.1172 7.67955e-05
9.68224 7.6262 29.0794 0.0184382
9.70072 7.62164 29.0447 0.0333855
9.72066 7.61667 29.0068 0.0486575
9.74073 7.61059 28.9605 0.0649541
9.76253 7.60415 28.9115 0.0824159
9.78167 7.59659 28.8541 0.0945779
9.80094 7.58757 28.7856 0.107316
9.82088 7.57952 28.7246 0.115381
9.84104 7.57135 28.6627 0.129018
9.86182 7.56437 28.6099 0.14016
9.88016 7.55858 28.5661 0.149462
9.90065 7.55234 28.5189 0.156852
9.9202 7.54716 28.4798 0.162247
9.94053 7.54228 28.443 0.170322
9.96048 7.5378 28.4092 0.174312
9.98201 7.53234 28.3681 0.182722
10.0002 7.52779 28.3338 0.194989
10.0207 7.52327 28.2998 0.205448
10.0401 7.51968 28.2728 0.209157
10.0634 7.51742 28.2558 0.213659
10.0809 7.51972 28.2731 0.217549
10.1022 7.52201 28.2903 0.2216
10.1199 7.52429 28.3074 0.22655
10.1399 7.52652 28.3243 0.23468
10.1595 7.52865 28.3403 0.242118
10.1805 7.53066 28.3554 0.24944
10.1998 7.53254 28.3696 0.254077
10.2207 7.53423 28.3823 0.257182
10.2404 7.53577 28.3939 0.259235
10.2616 7.5371 28.4039 0.262826
10.2801 7.53829 28.4129 0.271454
10.3016 7.53933 28.4207 0.279463
10.3201 7.54021 28.4274 0.286583
10.3415 7.54089 28.4325 0.287547
10.3607 7.54138 28.4362 0.295594
10.3804 7.54169 28.4385 0.297727
10.3998 7.54181 28.4395 0.299624
10.4203 7.54181 28.4395 0.295986
10.4396 7.54181 28.4395 0.291157
10.4613 7.54639 28.474 0.291928
10.4804 7.55162 28.5135 0.291159
10.4993 7.55908 28.5698 0.290703
10.5197 7.56757 28.6341 0.29056
10.5394 7.5768 28.704 0.290649
10.5601 7.58632 28.7761 0.291233
10.5801 7.59666 28.8546 0.292028
10.5999 7.60694 28.9328 0.293248
10.6197 7.61701 29.0094 0.29487
10.64 7.62697 29.0854 0.297324
10.66 7.63684 29.1607 0.300226
10.6806 7.64655 29.2349 0.302135
10.6996 7.65686 29.3137 0.304819
10.7195 7.66797 29.3989 0.307488
10.7401 7.67986 29.4901 0.310285
10.7604 7.69177 29.5816 0.312503
10.7795 7.70286 29.667 0.315782
10.8 7.7144 29.756 0.318744
10.8201 7.72616 29.8468 0.321432
10.8399 7.74127 29.9636 0.317205
10.8625 7.75547 30.0736 0.313235
10.8802 7.77003 30.1867 0.31016
10.8994 7.78525 30.3051 0.307548
10.9196 7.8007 30.4254 0.305242
10.9397 7.81544 30.5406 0.302427
10.9599 7.83022 30.6562 0.299329
10.9828 7.84458 30.7687 0.294377
11 7.86 30.8898 0.291772
11.0199 7.87505 31.0082 0.288161
11.0403 7.8894 31.1213 0.282198
11.0621 7.90412 31.2375 0.280174
11.0797 7.91806 31.3479 0.278422
11.1012 7.93232 31.4609 0.284193
11.1195 7.94655 31.5739 0.290049
11.1393 7.96029 31.6831 0.296077
11.1592 7.97444 31.7959 0.302415
11.1792 7.98897 31.9118 0.308838
11.1999 8.00468 32.0375 0.315408
11.2205 8.01968 32.1576 0.321906
11.2402 8.0339 32.2718 0.328099
11.2594 8.04749 32.381 0.333403
11.2791 8.0605 32.4858 0.33594
11.2999 8.07445 32.5984 0.34243
11.3226 8.08974 32.722 0.347864
11.3403 8.10391 32.8367 0.353413
11.3603 8.11898 32.9589 0.357761
11.3803 8.13473 33.0869 0.363151
11.4008 8.15029 33.2136 0.364992
11.4198 8.16639 33.345 0.361395
11.4426 8.18327 33.483 0.36601
11.46 8.20028 33.6223 0.370782
11.4804 8.21583 33.75 0.372073
11.4998 8.23154 33.8791 0.367305
11.5205 8.24762 34.0117 0.370658
11.5396 8.26578 34.1616 0.375712
11.5606 8.28292 34.3034 0.380227
11.5802 8.30148 34.4573 0.385032
11.6004 8.32126 34.6217 0.389779
11.6204 8.34019 34.7794 0.395129
11.6413 8.35847 34.932 0.393805
11.6594 8.37828 35.0978 0.398898
11.6801 8.39869 35.269 0.405019
11.6996 8.41996 35.4478 0.41018
11.7197 8.44076 35.6232 0.413767
11.7401 8.46125 35.7964 0.414906
11.7604 8.48031 35.9579 0.413268
11.7801 8.49888 36.1154 0.413995
11.8016 8.5177 36.2756 0.413791
11.8209 8.53838 36.452 0.4196
11.8401 8.55966 36.6339 0.422826
11.861 8.58189 36.8244 0.418442
11.8795 8.60413 37.0156 0.419231
11.9008 8.62737 37.2157 0.42445
11.9195 8.65222 37.4305 0.430378
11.9406 8.6776 37.6504 0.435736
11.9595 8.70324 37.8732 0.441476
11.9806 8.73038 38.1097 0.44078
11.9999 8.75865 38.357 0.4428
12.0204 8.78716 38.6071 0.446617
12.0409 8.81521 38.854 0.44512
12.0595 8.8434 39.1029 0.440458
12.0795 8.87011 39.3394 0.435148
12.0988 8.89766 39.5841 0.430555
12.1208 8.92568 39.8338 0.436725
12.1394 8.95489 40.095 0.442553
12.1614 8.9849 40.3642 0.4488
12.18 9.01585 40.6428 0.452724
12.1994 9.04532 40.9089 0.447601
12.2192 9.07483 41.1763 0.444516
12.2404 9.10579 41.4577 0.444811
12.2593 9.13718 41.744 0.442037
12.2789 9.16953 42.0401 0.440431
12.3 9.20147 42.3336 0.446095
12.3196 9.23492 42.6419 0.445327
12.3395 9.2685 42.9526 0.446194
12.3608 9.30144 43.2584 0.448087
12.3804 9.33599 43.5803 0.442975
12.3997 9.36964 43.895 0.440044
12.4197 9.40325 44.2106 0.434354
12.4401 9.43859 44.5434 0.440299
12.4599 9.47467 44.8847 0.441581
12.4808 9.51134 45.2328 0.443664
12.4999 9.5471 45.5736 0.440406
12.5206 9.58154 45.9029 0.433509
12.543 9.61842 46.257 0.430606
12.5605 9.65522 46.6116 0.429597
12.5798 9.69334 46.9804 0.436411
12.6005 9.73106 47.3468 0.440204
12.6208 9.76812 47.708 0.436396
12.6394 9.80447 48.0638 0.432787
12.661 9.84124 48.425 0.42867
12.6807 9.87671 48.7747 0.42606
12.7011 9.91392 49.1429 0.421645
12.7195 9.95208 49.522 0.41992
12.7404 9.99108 49.9108 0.425753
12.7594 10.0295 50.2958 0.426678
12.7804 10.0673 50.6757 0.429333
12.8005 10.1067 51.0729 0.435718
12.8212 10.145 51.4607 0.430089
12.8428 10.1806 51.8227 0.424052
12.8613 10.2169 52.1929 0.418651
12.8797 10.2548 52.5809 0.416787
12.9008 10.2896 52.9376 0.413874
12.9198 10.3207 53.2584 0.406773
12.9409 10.3514 53.5755 0.399516
12.9596 10.3824 53.8972 0.397651
12.9812 10.4136 54.2214 0.396028
13.0001 10.4447 54.5461 0.395896
13.0201 10.4745 54.8573 0.398504
13.0398 10.5028 55.1541 0.39142
13.06 10.5284 55.4239 0.392906
13.0792 10.555 55.7039 0.3993
13.1011 10.583 55.9997 0.404552
13.1201 10.6117 56.3041 0.409779
13.1396 10.6381 56.5841 0.412508
13.1603 10.6623 56.8425 0.405744
13.1794 10.6859 57.0944 0.403963
13.1998 10.7096 57.348 0.399642
13.2189 10.7332 57.6012 0.403283
13.24 10.7572 57.8588 0.401561
13.2596 10.7816 58.1212 0.407258
13.2803 10.8098 58.426 0.414278
13.3014 10.838 58.7313 0.420522
13.32 10.8662 59.0368 0.424197
13.3405 10.8936 59.3351 0.427707
13.3595 10.9193 59.6154 0.421479
13.3832 10.9413 59.856 0.414456
13.4004 10.9617 60.0794 0.409161
13.42 10.9834 60.3171 0.405752
13.4404 11.0076 60.5835 0.404456
13.4596 11.0331 60.8647 0.410039
13.4793 11.0592 61.1525 0.417055
13.4997 11.0834 61.4213 0.420915
13.5198 11.1067 61.6793 0.414848
13.5401 11.1298 61.9364 0.410045
13.5602 11.1543 62.2092 0.409932
13.5806 11.179 62.4852 0.415033
13.6013 11.2052 62.7777 0.420914
13.6206 11.231 63.0679 0.422767
13.6403 11.2555 63.3427 0.426598
13.6609 11.2793 63.6109 0.434675
13.6801 11.3051 63.9025 0.441986
13.7001 11.33 64.1842 0.44492
13.7206 11.3525 64.4396 0.441127
13.7407 11.3718 64.6592 0.442324
13.76 11.3901 64.8667 0.436614
13.7802 11.4061 65.05 0.446108
13.8007 11.4201 65.2094 0.444331
13.8202 11.4328 65.3544 0.437031
13.8405 11.4467 65.5129 0.433005
13.8601 11.46 65.6653 0.425811
13.8809 11.4757 65.8453 0.428056
13.8999 11.4903 66.0137 0.430486
13.921 11.5048 66.1806 0.432557
13.94 11.517 66.3206 0.425272
13.9595 11.5281 66.4481 0.418189
13.9807 11.5394 66.5793 0.411106
13.9995 11.5504 66.7061 0.4052
14.02 11.5598 66.8144 0.399784
14.0412 11.5686 66.9167 0.393858
14.0592 11.577 67.0136 0.389334
14.0794 11.5865 67.1238 0.392012
14.1006 11.5966 67.2409 0.393181
14.1196 11.6077 67.3692 0.393413
14.1403 11.6178 67.4861 0.397321
14.1601 11.6273 67.5974 0.392607
14.1798 11.6356 67.693 0.38778
14.2009 11.6444 67.7959 0.384579
14.2199 11.6532 67.8985 0.382518
14.241 11.6611 67.9908 0.384474
14.2596 11.6688 68.0799 0.380395
14.2812 11.6765 68.1709 0.38106
14.2997 11.6842 68.2602 0.377799
14.3198 11.6912 68.3417 0.374085
14.34 11.6986 68.4287 0.367592
14.3606 11.706 68.5156 0.370533
14.3809 11.7136 68.6037 0.375369
14.4006 11.7213 68.695 0.379013
14.4212 11.7292 68.7867 0.384853
14.4415 11.7371 68.88 0.387796
14.4606 11.7442 68.9628 0.390953
14.4801 11.7524 69.06 0.395963
14.5002 11.758 69.1248 0.398913
14.5198 11.7632 69.1864 0.403655
14.5387 11.766 69.2195 0.406752
14.5597 11.7684 69.2477 0.409542
14.5795 11.7662 69.2221 0.403246
14.6003 11.7645 69.2019 0.398332
14.6201 11.7624 69.1768 0.392315
14.641 11.766 69.2195 0.391634
14.6601 11.7699 69.2647 0.397728
14.6821 11.7764 69.3419 0.403896
14.6998 11.7857 69.4516 0.410594
14.7207 11.7954 69.5652 0.416567
14.7405 11.8056 69.6857 0.422376
14.7601 11.8158 69.8068 0.427223
14.7802 11.8261 69.9288 0.430938
14.7997 11.8361 70.0471 0.436433
14.8198 11.8464 70.1682 0.438842
14.8389 11.8569 70.2936 0.44051
14.8598 11.8695 70.4425 0.44564
14.8803 11.8835 70.6093 0.451685
14.9002 11.8985 70.7876 0.457065
14.9204 11.9142 70.9743 0.460362
14.9397 11.9315 71.1804 0.466762
14.9602 11.9491 71.3899 0.473221
14.9791 11.9671 71.6055 0.479754
15.0008 11.9854 71.8246 0.486366
15.0201 12.0053 72.0633 0.492967
15.0412 12.0264 72.317 0.499714
15.0619 12.0487 72.5853 0.506497
15.0797 12.0713 72.8583 0.506464
15.1011 12.0925 73.1137 0.515116
15.1195 12.1126 73.357 0.513
15.1399 12.1333 73.6083 0.511907
15.16 12.1545 73.8657 0.517389
15.1817 12.1763 74.1307 0.515188
15.1998 12.198 74.3961 0.508608
15.2209 12.2212 74.6794 0.503628
15.2405 12.2437 74.9546 0.501965
15.2616 12.2681 75.2532 0.491148
15.2805 12.2917 75.543 0.494476
15.3004 12.3175 75.8605 0.498065
15.3209 12.3442 76.1901 0.506807
15.3407 12.3705 76.5152 0.512851
15.3603 12.3941 76.8066 0.513037
15.3802 12.4144 77.0592 0.506361
15.3987 12.4336 77.2975 0.499868
15.4204 12.4523 77.53 0.493163
15.4396 12.4709 77.762 0.486838
15.4599 12.49 78.0004 0.483824
15.4795 12.5101 78.2515 0.480927
15.4997 12.5305 78.5063 0.476973
15.5189 12.5504 78.756 0.471202
15.5389 12.5695 78.9959 0.466629
15.5622 12.5894 79.2461 0.461604
15.5796 12.6095 79.4999 0.45912
15.5987 12.6287 79.7421 0.45444
15.6194 12.6479 79.9849 0.448848
15.6394 12.6674 80.2316 0.44666
15.661 12.6874 80.4857 0.441686
15.6817 12.706 80.7211 0.436783
15.7006 12.7236 80.9454 0.431647
15.7203 12.7409 81.1648 0.425979
15.7401 12.7574 81.3752 0.417853
15.7612 12.7724 81.5666 0.409833
15.7798 12.7861 81.7416 0.401883
15.8004 12.7993 81.9104 0.394358
15.8199 12.8121 82.0744 0.386385
15.8396 12.8262 82.2557 0.376941
15.8594 12.8406 82.4403 0.368858
15.8797 12.8546 82.6201 0.362649
15.9004 12.8688 82.8032 0.35123
15.9197 12.8828 82.9829 0.34439
15.9404 12.8959 83.1518 0.334496
15.9604 12.9082 83.3114 0.322151
15.9805 12.9201 83.4648 0.310122
16.0012 12.9307 83.6016 0.29488
16.0203 12.9399 83.72 0.281226
16.0408 12.9486 83.8328 0.267908
16.0608 12.9576 83.9492 0.255773
16.0801 12.967 84.072 0.244133
16.0998 12.9763 84.1916 0.231559
16.1197 12.9868 84.3291 0.227599
16.1399 12.9983 84.478 0.22583
16.1618 13.0097 84.6257 0.224788
16.18 13.0193 84.7514 0.216864
16.2002 13.0278 84.8612 0.203374
16.2205 13.0355 84.9618 0.189797
16.2404 13.0428 85.0573 0.177429
16.2609 13.0499 85.1505 0.165978
16.2804 13.0572 85.245 0.15433
16.301 13.0655 85.3542 0.153271
16.3207 13.075 85.4778 0.153166
16.3413 13.0834 85.5879 0.152505
16.3611 13.0916 85.6946 0.146116
16.3807 13.0991 85.7934 0.142012
16.4002 13.1067 85.8929 0.13926
16.4196 13.1148 85.9994 0.139123
16.4413 13.1239 86.1188 0.137743
16.4604 13.1326 86.2322 0.13773
16.4799 13.1414 86.3483 0.137103
16.4991 13.1493 86.4515 0.132223
16.52 13.1572 86.5555 0.131986
16.5402 13.1637 86.6419 0.120815
16.56 13.1699 86.723 0.109928
16.5804 13.1758 86.8005 0.114572
16.6008 13.1824 86.888 0.12617
16.6209 13.1894 86.9802 0.124333
16.6405 13.1952 87.0572 0.125825
16.6605 13.2004 87.1253 0.132954
16.6797 13.205 87.1859 0.133293
16.7011 13.2099 87.2502 0.133535
16.7196 13.2143 87.3084 0.121267
16.7403 13.2177 87.3543 0.10933
16.7597 13.221 87.3971 0.109398
16.7802 13.2246 87.4447 0.109774
16.8027 13.2269 87.476 0.1111
16.8198 13.2333 87.5596 0.110511
16.8409 13.2388 87.6325 0.110452
16.8597 13.2388 87.6325 0.105794
16.8814 13.2388 87.6325 0.105861
16.9007 13.2388 87.6325 0.105898
16.9203 13.244 87.7014 0.0982754
16.941 13.2509 87.7935 0.0950165
16.9602 13.2584 87.8919 0.095003
16.9811 13.2658 87.9908 0.0949896
16.9996 13.2704 88.0519 0.0949762
17.0205 13.2754 88.1183 0.0949628
17.0401 13.2799 88.1783 0.0948957
17.0599 13.2846 88.2402 0.0948284
17.0809 13.2903 88.3163 0.094815
17.1001 13.2958 88.3891 0.0947828
17.1202 13.3007 88.4543 0.0945322
17.1393 13.305 88.5113 0.0944457
17.1597 13.3085 88.5584 0.0944273
17.1796 13.311 88.5909 0.083692
17.2004 13.3113 88.5959 0.083692
17.2198 13.3109 88.5903 0.083692
17.2399 13.3101 88.5797 0.083692
17.2599 13.309 88.5647 0.083692
17.2794 13.3075 88.5451 0.083692
17.3 13.3054 88.5173 0.083692
17.32 13.3043 88.5021 0.083692
17.3399 13.3042 88.5006 0.083692
17.3605 13.3047 88.5072 0.083692
17.3796 13.3054 88.5172 0.0836895
17.3998 13.3064 88.5307 0.0836881
17.4194 13.3069 88.5374 0.0836881
17.4428 13.3075 88.5452 0.0836881
17.4598 13.3079 88.5505 0.0836881
17.4804 13.3078 88.5486 0.0836839
17.5 13.3063 88.5286 0.0836796
17.5207 13.3053 88.5157 0.0836796
17.5401 13.3044 88.5034 0.0836796
17.5603 13.3022 88.4738 0.0836754
17.5813 13.2998 88.442 0.0836754
17.6 13.2964 88.3972 0.0836754
17.6198 13.2914 88.3309 0.0836755
17.6398 13.2858 88.2559 0.0836755
17.6596 13.2803 88.1827 0.0836756
17.6806 13.2755 88.1189 0.0836756
17.7002 13.2709 88.0583 0.0836756
17.7208 13.2666 88.0007 0.0836756
17.7404 13.2603 87.9172 0.0836757
17.7595 13.2556 87.8552 0.0836757
17.7811 13.2509 87.7926 0.0836757
17.8008 13.2459 87.7266 0.0836758
17.8192 13.24 87.6484 0.0836758
17.8393 13.2372 87.6119 0.0836759
17.86 13.2346 87.577 0.0836759
17.8801 13.2308 87.5265 0.0811342
17.8994 13.2271 87.4777 0.0726365
17.9202 13.2236 87.4321 0.06244
17.9397 13.2202 87.3866 0.054868
17.9607 13.2172 87.3467 0.0458491
17.9792 13.2142 87.3082 0.0361583
18.0001 13.2113 87.269 0.0276901
18.0189 13.2082 87.2282 0.0215018
18.0426 13.2061 87.2001 0.021502
18.0601 13.2039 87.1709 0.0215021
18.0796 13.2018 87.1437 0.0215021
18.0999 13.1999 87.119 0.0215123
18.1201 13.1985 87.0996 0.0215226
18.1405 13.1972 87.0825 0.0215329
18.1594 13.1957 87.0633 0.0215432
18.1797 13.1944 87.0455 0.0215535
18.2003 13.1933 87.031 0.0215639
18.2193 13.1921 87.0159 0.0215742
18.2408 13.1911 87.002 0.0215742
18.2591 13.1897 86.984 0.0215844
18.2799 13.1881 86.9626 0.0215948
18.2997 13.1864 86.9407 0.0136112
18.3206 13.1846 86.9164 0.0136218
18.3399 13.1827 86.8924 0.0136324
18.36 13.181 86.8693 0.0136429
18.3798 13.1792 86.846 0.0136436
18.3994 13.1773 86.8206 0.0136442
18.4196 13.1755 86.7975 0.0136448
18.4398 13.1733 86.7674 0.00769367
18.4604 13.1716 86.7455 0.000795977
18.4795 13.17 86.7239 0.000807059
18.5011 13.1684 86.703 0.00028981
18.5199 13.1668 86.6817 0.000296631
18.5405 13.1653 86.663 0.000303957
18.5592 13.164 86.646 0.000312234
18.581 13.163 86.6324 0.000321232
18.5997 13.1621 86.621 0.000329833
18.6201 13.1615 86.6129 0.000337624
18.6397 13.161 86.6065 0.00034726
18.6597 13.1604 86.598 0.000357197
18.6812 13.1598 86.5908 0.000365635
18.7006 13.1591 86.5804 0.0126536
18.7214 13.1583 86.57 0.00872209
18.74 13.1583 86.57 0.0086554
18.7602 13.1588 86.5773 0.0197553
18.78 13.1585 86.5737 0.0194695
18.7991 13.1583 86.5701 0.0194325
18.8198 13.158 86.5659 0.0194325
18.8396 13.158 86.5659 0.0194185
18.86 13.158 86.5659 0.0194046
18.8798 13.158 86.5659 0.0193908
18.9004 13.158 86.5659 0.0193908
18.9198 13.158 86.5659 0.0193769
18.9405 13.158 86.5659 0.0181394
18.961 13.158 86.5659 0.0135684
18.9794 13.158 86.5659 0.0119291
19.0008 13.158 86.5659 0.00852543
19.0212 13.158 86.5659 0.00323036
19.0403 13.158 86.5659 0.00114653
19.0609 13.158 86.5659 2.13126e-08
19.0805 13.158 86.5659 2.10525e-08
19.0995 13.158 86.5659 1.73162e-05
19.1199 13.158 86.5659 1.99926e-05
19.1406 13.158 86.5659 2.10734e-08
19.1604 13.158 86.5659 2.09781e-08
19.1797 13.158 86.5659 2.11159e-08
19.1999 13.158 86.5659 2.10162e-08
19.2209 13.158 86.5659 2.10734e-08
19.2412 13.158 86.5659 9.99257e-06
19.2606 13.158 86.5659 2.10734e-08
19.2811 13.158 86.5659 1.41316e-05
19.3006 13.158 86.5659 1.99926e-05
19.3205 13.158 86.5659 2.10192e-08
19.3404 13.158 86.5659 2.1038e-08
19.3617 13.158 86.5659 2.10734e-08
19.3804 13.158 86.5659 2.10734e-08
19.4034 13.158 86.5659 2.10624e-08
19.4205 13.158 86.5659 2.10566e-08
19.4411 13.158 86.5659 2.10734e-08
19.461 13.158 86.5659 9.99257e-06
19.4815 13.158 86.5659 2.10023e-08
19.5 13.158 86.5659 9.99262e-06
19.5206 13.158 86.5659 2.1015e-08
19.5394 13.158 86.5659 2.10724e-08
19.5605 13.158 86.5659 2.10693e-08
19.5813 13.158 86.5659 2.10734e-08
19.6009 13.158 86.5659 2.10734e-08
19.6206 13.158 86.5659 2.10647e-08
19.6405 13.158 86.5659 2.10734e-08
19.6597 13.158 86.5659 2.10772e-08
19.6794 13.158 86.5659 9.99257e-06
19.7002 13.158 86.5659 1.99926e-05
19.7212 13.158 86.5659 2.10734e-08
19.7437 13.158 86.5659 2.10136e-08
19.7606 13.158 86.5659 9.99256e-06
19.7813 13.158 86.5659 2.10734e-08
19.8017 13.158 86.5659 2.10734e-08
19.8212 13.158 86.5659 2.10357e-08
19.8405 13.158 86.5659 2.10734e-08
19.8599 13.158 86.5659 2.10734e-08
19.881 13.158 86.5659 2.10734e-08
19.8994 13.158 86.5659 2.10768e-08
19.9205 13.158 86.5659 9.99257e-06
19.9397 13.158 86.5659 1.99926e-05
19.9605 13.158 86.5659 2.10734e-08
19.9803 13.158 86.5659 2.10786e-08
20.0002 13.158 86.5659 2.10669e-08
20.0202 13.158 86.5659 2.10866e-08
20.0404 13.158 86.5659 2.10734e-08
20.0608 13.158 86.5659 2.10454e-08
20.083 13.158 86.5659 2.10734e-08
20.1003 13.158 86.5659 2.1063e-08
20.1196 13.158 86.5659 1.00075e-05
20.1404 13.158 86.5659 2.10734e-08
20.1602 13.158 86.5659 1.73076e-05
20.1798 13.158 86.5659 2.82737e-05
20.2006 13.158 86.5659 2.99926e-05
20.2207 13.158 86.5659 2.10663e-08
20.2409 13.158 86.5659 2.10694e-08
20.2601 13.158 86.5659 1.41527e-05
20.2808 13.158 86.5659 2.10723e-08
20.3003 13.158 86.5659 1.73162e-05
20.3206 13.158 86.5659 1.73162e-05
20.3395 13.158 86.5659 2.1088e-08
20.3613 13.158 86.5659 2.10734e-08
20.3798 13.158 86.5659 1.99851e-05
20.3998 13.158 86.5659 0.00810072
20.4199 13.158 86.5659 0.0126461
20.4403 13.158 86.5659 0.0033584
20.461 13.158 86.5659 0.0024142
20.4793 13.158 86.5659 0.00200193
20.4993 13.158 86.5659 1.99926e-05
20.5193 13.158 86.5659 1.99926e-05
20.5407 13.158 86.5659 2.10734e-08
20.5607 13.158 86.5659 2.10586e-08
20.5802 13.158 86.5659 2.10734e-08
20.6 13.158 86.5659 0.0124832
20.6205 13.158 86.5659 0.018941
20.6401 13.158 86.5659 0.0144776
20.6599 13.158 86.5659 0.00807138
20.6805 13.158 86.5659 0.000766712
20.7005 13.158 86.566 0.000711129
20.7217 13.158 86.5661 2.10734e-08
20.7399 13.158 86.5661 0.00905647
20.76 13.158 86.5661 0.0115774
20.7796 13.158 86.5662 0.00218343
20.8011 13.158 86.5661 0.000337635
20.8206 13.158 86.5662 0.0137152
20.84 13.158 86.5663 0.0218482
20.8606 13.158 86.5664 0.0275189
20.8808 13.158 86.5664 0.0281706
20.9001 13.158 86.5664 0.0340691
20.9206 13.158 86.5664 0.0320352
20.9409 13.158 86.5664 0.0337594
20.9604 13.1578 86.5637 0.0326487
20.9807 13.1576 86.5615 0.0345237
21.001 13.1575 86.5595 0.038246
21.0198 13.1573 86.5579 0.0425597
21.041 13.1572 86.5563 0.0480306
21.0611 13.1571 86.5547 0.053736
21.0812 13.157 86.5529 0.0601564
21.1007 13.1568 86.551 0.0656636
21.1212 13.1567 86.5489 0.071709
21.1406 13.1565 86.547 0.0783934
21.1597 13.1561 86.5416 0.0778515
21.1797 13.1558 86.5371 0.0760493
21.2001 13.1554 86.5326 0.0808642
21.2202 13.1551 86.528 0.0875827
21.2403 13.1547 86.523 0.094674
21.2601 13.1542 86.5167 0.0935983
21.281 13.1536 86.509 0.0927511
21.3014 13.153 86.5006 0.100035
21.3196 13.1523 86.4919 0.107755
21.3397 13.1515 86.4803 0.115531
21.3631 13.1503 86.4658 0.120321
21.3801 13.1492 86.4508 0.118234
21.4014 13.1479 86.434 0.117686
21.4205 13.1467 86.418 0.116896
21.4422 13.1455 86.4023 0.116843
21.4611 13.1443 86.3867 0.12085
21.4799 13.1432 86.3714 0.122006
21.5002 13.1418 86.3529 0.124222
21.5199 13.1403 86.3341 0.12798
21.5408 13.1388 86.3138 0.129735
21.5602 13.1373 86.294 0.12594
21.5796 13.136 86.2768 0.124887
21.6004 13.1347 86.2596 0.120633
21.6207 13.1336 86.2454 0.115379
21.6403 13.1327 86.2333 0.112285
21.6599 13.1319 86.2234 0.110326
21.6797 13.1311 86.2128 0.109465
21.6996 13.1302 86.2011 0.104723
21.7205 13.1294 86.1899 0.105899
21.7403 13.1285 86.1792 0.102208
21.762 13.1278 86.1702 0.106874
21.783 13.1274 86.1646 0.107536
21.8004 13.1271 86.1597 0.109912
21.8202 13.1267 86.1552 0.103848
21.841 13.1263 86.1505 0.0967018
21.8599 13.1267 86.1546 0.095235
21.88 13.1269 86.1581 0.0949196
21.9 13.1269 86.1581 0.0954841
21.9206 13.1269 86.1581 0.0883518
21.9402 13.1269 86.1581 0.0817308
21.9599 13.1269 86.1581 0.0755596
21.9802 13.1269 86.1581 0.0678667
21.9986 13.1269 86.1581 0.0614246
22.0191 13.1269 86.1581 0.0551681
22.0412 13.1267 86.1557 0.0504512
22.0604 13.1272 86.1621 0.0469381
22.0793 13.1278 86.1698 0.0447419
22.1004 13.1286 86.1798 0.04428
22.1207 13.1295 86.192 0.0393806
22.1404 13.1304 86.2043 0.0389751
22.1614 13.1313 86.2159 0.0400848
22.1806 13.1322 86.2269 0.0364632
22.2009 13.1329 86.2366 0.0370131
22.2194 13.1336 86.2459 0.0378294
22.2419 13.1343 86.2547 0.0345957
22.2605 13.1352 86.2662 0.0349497
22.2804 13.136 86.2777 0.037845
22.3002 13.1369 86.2888 0.0383045
22.3213 13.1377 86.2994 0.0378075
22.3407 13.1385 86.3099 0.0377157
22.36 13.1392 86.3187 0.0368924
22.3795 13.1393 86.32 0.0379942
22.4012 13.1393 86.3212 0.037199
22.4211 13.1393 86.3212 0.0379165
22.4404 13.1393 86.3212 0.0367708
22.4622 13.1393 86.3212 0.0370573
22.4806 13.1393 86.3212 0.0390282
22.4999 13.1393 86.3212 0.0389775
22.5204 13.1388 86.3135 0.041468
22.5389 13.1381 86.3052 0.0467736
22.56 13.1375 86.2973 0.0522985
22.5801 13.137 86.2905 0.0577038
22.6001 13.1365 86.2844 0.0603585
22.6218 13.1362 86.2794 0.0631664
22.64 13.1359 86.2754 0.0684311
22.6607 13.1355 86.2711 0.0748135
22.6792 13.1353 86.2682 0.0790637
22.7001 13.1351 86.2656 0.0832023
22.721 13.135 86.2639 0.0856994
22.7406 13.1348 86.2617 0.0811663
22.7597 13.1348 86.2612 0.0830883
22.7798 13.1348 86.2615 0.0772328
22.8005 13.135 86.2637 0.0755922
22.8204 13.1355 86.2702 0.0710093
22.8409 13.1359 86.2759 0.067478
22.8602 13.1359 86.2759 0.0650147
22.88 13.1359 86.2759 0.0578685
22.9004 13.1362 86.2801 0.0515996
22.9213 13.1365 86.284 0.0582445
22.94 13.1365 86.284 0.0566429
22.9609 13.1365 86.284 0.0494594
22.9798 13.1365 86.284 0.0432027
22.9997 13.1365 86.284 0.0378586
23.0198 13.1365 86.284 0.0331673
23.0393 13.1365 86.284 0.0353927
23.0613 13.1365 86.284 0.0431042
23.0809 13.1369 86.2885 0.0427574
23.0998 13.137 86.2898 0.0346221
23.1194 13.1371 86.2919 0.0310894
23.1403 13.1374 86.2953 0.0243193
23.1609 13.1377 86.2994 0.0195653
23.1828 13.1382 86.3059 0.0187778
23.1996 13.1388 86.3144 0.0219406
23.2237 13.1396 86.3243 0.028397
23.2405 13.1405 86.3364 0.0361537
23.2603 13.1416 86.3503 0.0442931
23.2801 13.1429 86.3681 0.052757
23.3032 13.1446 86.3902 0.0591232
23.3204 13.1465 86.4148 0.0657933
23.3411 13.1487 86.4442 0.0733395
23.3609 13.1511 86.4757 0.081667
23.381 13.1538 86.5111 0.0901503
23.4009 13.1568 86.5507 0.093339
23.4228 13.1599 86.5914 0.0946677
23.4404 13.1634 86.6377 0.0966239
23.4602 13.1672 86.6873 0.0993753
23.4799 13.1712 86.7397 0.102712
23.5 13.1754 86.7958 0.108771
23.52 13.18 86.8557 0.113872
23.5396 13.1847 86.9176 0.118021
23.5605 13.1896 86.9827 0.121768
23.5811 13.1951 87.0558 0.125303
23.6014 13.201 87.1331 0.131164
23.6201 13.207 87.2127 0.135067
23.6412 13.2135 87.298 0.138094
23.6606 13.2203 87.3876 0.142025
23.6787 13.2275 87.4829 0.14641
23.6998 13.2348 87.5797 0.151204
23.7188 13.2423 87.6791 0.153252
23.7399 13.2504 87.7863 0.151064
23.7602 13.2587 87.8961 0.150365
23.7803 13.2675 88.0131 0.15357
23.8003 13.2771 88.1407 0.15944
23.8203 13.2871 88.2729 0.164944
23.8417 13.2974 88.4098 0.170399
23.8605 13.3077 88.5479 0.175923
23.8807 13.3187 88.6937 0.181632
23.8999 13.3302 88.8477 0.18724
23.9213 13.3416 88.9995 0.192521
23.9398 13.3531 89.1527 0.198346
23.9604 13.365 89.3113 0.201557
23.9806 13.3768 89.4691 0.204954
24.0005 13.389 89.6325 0.206537
24.02 13.4016 89.8008 0.210385
24.0397 13.4142 89.9699 0.214515
24.0601 13.4267 90.1382 0.218774
24.0806 13.4388 90.3004 0.223584
24.101 13.4501 90.4525 0.225375
24.1198 13.461 90.5998 0.230017
24.1401 13.4721 90.7493 0.234195
24.1609 13.4833 90.8994 0.238106
24.1798 13.4944 91.0496 0.241209
24.2 13.5054 91.1974 0.246641
24.2199 13.517 91.3543 0.250311
24.2404 13.5288 91.5143 0.25506
24.2599 13.5401 91.667 0.250397
24.2801 13.5511 91.8165 0.250653
24.3007 13.562 91.9633 0.245796
24.3213 13.5724 92.1056 0.241114
24.3401 13.5827 92.2449 0.237081
24.3611 13.593 92.3853 0.235301
24.3799 13.6036 92.5285 0.241603
24.4004 13.6143 92.6744 0.247997
24.4203 13.6251 92.8214 0.254719
24.4407 13.6351 92.9582 0.249517
24.4593 13.6453 93.0971 0.246091
24.4808 13.6559 93.2413 0.248635
24.4997 13.6664 93.3855 0.251433
24.5196 13.677 93.5296 0.25252
24.5418 13.6874 93.6722 0.254005
24.5609 13.6975 93.811 0.251782
24.5803 13.7076 93.9488 0.257157
24.6001 13.7177 94.0871 0.261577
24.6213 13.7271 94.2168 0.254571
24.6402 13.7359 94.3372 0.247776
24.6589 13.7436 94.443 0.241123
24.68 13.7507 94.5408 0.234643
24.6991 13.7582 94.6439 0.230156
24.7213 13.7653 94.7414 0.22561
24.7418 13.7721 94.836 0.22165
24.7608 13.7789 94.9288 0.218572
24.7808 13.7851 95.0141 0.216046
24.8007 13.7906 95.0902 0.212002
24.82 13.7958 95.1625 0.210148
24.8399 13.8012 95.2366 0.205252
24.8598 13.8071 95.318 0.202779
24.8796 13.8136 95.4071 0.202798
24.9005 13.8203 95.5002 0.205091
24.9211 13.8267 95.5892 0.209234
24.941 13.8328 95.6732 0.212981
24.9594 13.8385 95.7527 0.210439
24.9801 13.8443 95.8317 0.20738
24.9995 13.8497 95.9067 0.204681
25.0207 13.8553 95.984 0.206082
25.0398 13.8605 96.0573 0.207929
25.0599 13.8656 96.1271 0.215404
25.0819 13.8705 96.1949 0.206018
25.0996 13.8737 96.2398 0.196972
25.1198 13.877 96.2858 0.188178
25.1396 13.8824 96.3607 0.187216
25.1598 13.8879 96.4372 0.18476
25.1803 13.8932 96.5105 0.192258
25.2008 13.8991 96.5922 0.201324
25.2208 13.9051 96.6763 0.212271
25.2405 13.9116 96.7665 0.22132
25.2607 13.9184 96.8604 0.234454
25.2808 13.9248 96.9506 0.232981
25.3003 13.9311 97.0382 0.22582
25.3206 13.9371 97.1218 0.218798
25.3412 13.9431 97.2054 0.218483
25.3597 13.9492 97.2897 0.223416
25.3807 13.9559 97.3833 0.230696
25.4021 13.9624 97.4742 0.236065
25.4219 13.9681 97.5535 0.230507
25.4401 13.9737 97.6317 0.224168
25.4605 13.9794 97.7112 0.221602
25.48 13.9858 97.8013 0.222411
25.5005 13.9927 97.8985 0.223088
25.5197 14.0002 98.0035 0.224288
25.54 14.0074 98.1032 0.230453
25.5601 14.0138 98.1935 0.232272
25.5823 14.0202 98.2833 0.230012
25.6002 14.027 98.3778 0.23236
25.6217 14.0339 98.4756 0.235387
25.6402 14.0412 98.5779 0.238992
25.6624 14.0494 98.6924 0.242634
25.6804 14.0578 98.811 0.246086
25.701 14.0667 98.9358 0.249077
25.7202 14.0754 99.0585 0.256312
25.74 14.0847 99.19 0.262646
25.7598 14.0943 99.3244 0.260955
25.7801 14.1039 99.4605 0.26281
25.8002 14.1133 99.5931 0.260812
25.8202 14.1234 99.7356 0.263369
25.8414 14.1326 99.8655 0.266068
25.8597 14.1418 99.9954 0.264423
25.879 14.1504 100.117 0.259733
25.8999 14.1577 100.22 0.25265
25.9188 14.1651 100.325 0.248334
25.9402 14.1717 100.418 0.243371
25.9595 14.1776 100.503 0.236927
25.9796 14.1826 100.574 0.230653
26.0001 14.1871 100.637 0.224556
26.0201 14.1912 100.695 0.218672
26.04 14.1949 100.748 0.210361
26.059 14.198 100.791 0.202585
26.0797 14.1987 100.801 0.196992
26.0992 14.1997 100.815 0.193052
26.1198 14.2007 100.83 0.189473
26.14 14.2038 100.874 0.186218
26.1602 14.2069 100.918 0.189478
26.1797 14.2081 100.935 0.18625
26.1997 14.2114 100.982 0.191496
26.2192 14.2146 101.027 0.194944
26.2387 14.2178 101.073 0.186953
26.2598 14.2189 101.089 0.183463
26.2796 14.2197 101.101 0.180353
26.3004 14.2226 101.142 0.174202
26.32 14.2235 101.154 0.171303
26.341 14.2244 101.167 0.168865
26.3611 14.2273 101.208 0.171577
26.3802 14.2301 101.248 0.180022
26.3998 14.2331 101.291 0.188519
26.4199 14.2364 101.338 0.197049
26.4408 14.2393 101.379 0.201759
26.4599 14.2422 101.421 0.201533
26.4807 14.2433 101.436 0.200355
26.5 14.2443 101.45 0.198151
26.5201 14.2452 101.463 0.195
26.5404 14.2461 101.476 0.191705
26.5602 14.2469 101.488 0.196375
26.5799 14.2479 101.501 0.195774
26.6007 14.2493 101.521 0.200505
26.6202 14.2507 101.542 0.207451
26.6399 14.2521 101.561 0.210347
26.6601 14.2535 101.581 0.214408
26.6801 14.2545 101.595 0.211797
26.7003 14.2553 101.607 0.205261
26.7198 14.2553 101.607 0.198829
26.7391 14.256 101.617 0.192467
26.76 14.2569 101.629 0.196818
26.7794 14.2577 101.641 0.200768
26.8002 14.2584 101.651 0.20244
26.82 14.2584 101.651 0.196876
26.8393 14.2584 101.651 0.19131
26.86 14.2584 101.651 0.185917
26.8797 14.2584 101.651 0.180902
26.8999 14.2584 101.651 0.174509
26.9195 14.2584 101.651 0.168908
26.94 14.2584 101.651 0.170241
26.96 14.2584 101.651 0.172227
26.98 14.2584 101.651 0.174052
27.0009 14.2584 101.651 0.175443
27.0203 14.2584 101.651 0.173205
27.0393 14.2584 101.651 0.170481
27.0603 14.2584 101.651 0.174578
27.0798 14.2584 101.651 0.172747
27.1008 14.2584 101.651 0.174738
27.1202 14.2584 101.651 0.176991
27.1398 14.2584 101.651 0.175425
27.1617 14.2584 101.651 0.178276
27.1795 14.2584 101.651 0.178399
27.2022 14.2584 101.651 0.176924
27.2206 14.2584 101.651 0.180131
27.2416 14.2584 101.651 0.176937
27.259 14.2584 101.651 0.178177
27.2807 14.2584 101.651 0.179286
27.2996 14.2584 101.651 0.176806
27.3205 14.2584 101.651 0.175655
27.341 14.2584 101.651 0.175614
27.362 14.2584 101.651 0.176388
27.3804 14.2584 101.651 0.172098
27.4 14.2571 101.632 0.170437
27.4204 14.2555 101.61 0.16899
27.4408 14.2538 101.586 0.168183
27.4614 14.2503 101.536 0.167855
27.4802 14.2469 101.487 0.166914
27.5009 14.2451 101.462 0.165912
27.5199 14.2431 101.432 0.165879
27.5399 14.2392 101.377 0.160689
27.5599 14.2348 101.315 0.160649
27.5805 14.2301 101.247 0.157158
27.6008 14.2252 101.178 0.159092
27.6214 14.2203 101.109 0.159257
27.6423 14.2152 101.035 0.160837
27.661 14.2097 100.958 0.162791
27.6775 14.2047 100.886 0.164656
27.694 14.1995 100.813 0.162939
27.7131 14.1939 100.733 0.164663
27.7323 14.1881 100.651 0.168287
27.7523 14.1823 100.568 0.171044
27.7725 14.1761 100.482 0.16901
27.7925 14.1695 100.388 0.172859
27.8127 14.1621 100.282 0.17731
27.8321 14.1548 100.179 0.173398
27.8525 14.1473 100.073 0.176101
27.8722 14.1392 99.9587 0.180921
27.892 14.1314 99.8478 0.177759
27.9125 14.1228 99.7273 0.182898
27.9323 14.114 99.6019 0.189315
27.9525 14.1048 99.4728 0.194442
27.9721 14.0961 99.3505 0.196252
27.992 14.0883 99.2402 0.195051
28.0121 14.0803 99.127 0.192903
28.0323 14.0719 99.0089 0.197073
28.052 14.0637 98.894 0.204339
28.0729 14.055 98.7718 0.209987
28.0945 14.0461 98.6461 0.216258
28.1142 14.0372 98.5213 0.214899
28.1341 14.0288 98.4042 0.213943
28.1597 14.0204 98.2858 0.212799
28.1817 14.012 98.1684 0.208602
28.2 14.0041 98.0574 0.20203
28.22 13.9961 97.9449 0.200166
28.2401 13.9889 97.8445 0.197572
28.2591 13.9832 97.7648 0.19334
28.28 13.9774 97.6838 0.190281
28.2998 13.9719 97.6067 0.189166
28.3194 13.9675 97.5454 0.189588
28.3403 13.966 97.5249 0.185151
28.3629 13.9645 97.503 0.181143
28.3807 13.963 97.4832 0.177039
28.3994 13.9601 97.4416 0.173419
28.4204 13.9588 97.4241 0.174517
28.4397 13.9574 97.4051 0.171326
28.4607 13.9559 97.3829 0.170814
28.4808 13.9525 97.3357 0.173305
28.4998 13.9483 97.2779 0.179886
28.5212 13.944 97.2171 0.183801
28.5413 13.9404 97.1673 0.186361
28.5617 13.9389 97.1467 0.184166
28.5809 13.9373 97.1239 0.184055
28.6011 13.936 97.1066 0.184742
28.6202 13.935 97.092 0.18695
28.6402 13.934 97.0781 0.189668
28.66 13.9328 97.0609 0.195721
28.6807 13.9317 97.0464 0.19996
28.7004 13.9317 97.0464 0.198869
28.7208 13.9317 97.0464 0.197189
28.7403 13.9317 97.0464 0.194779
28.7609 13.9317 97.0464 0.196241
28.7798 13.9317 97.0464 0.194479
28.801 13.9317 97.0464 0.198215
28.8206 13.9291 97.0099 0.199162
28.8402 13.9266 96.9758 0.200373
28.8607 13.9243 96.943 0.20187
28.8798 13.9243 96.943 0.203818
28.9002 13.9243 96.943 0.206814
28.9198 13.9243 96.943 0.208734
28.94 13.9243 96.943 0.212665
28.9601 13.9243 96.943 0.211947
28.9811 13.9243 96.943 0.217972
29.0012 13.9243 96.943 0.219042
29.0208 13.9243 96.943 0.214321
29.0413 13.9268 96.9775 0.212149
29.06 13.9296 97.0172 0.21106
29.0804 13.9331 97.0661 0.210392
29.1003 13.9384 97.139 0.210055
29.1201 13.946 97.2456 0.21049
29.1395 13.9545 97.3644 0.210775
29.1617 13.9637 97.4926 0.211527
29.1813 13.974 97.636 0.212689
29.2019 13.9838 97.7736 0.214649
29.2222 13.9928 97.8993 0.216992
29.2408 14.0019 98.0271 0.220201
29.2599 14.0112 98.1564 0.217682
29.2811 14.0208 98.2914 0.215286
29.3004 14.0308 98.4313 0.214287
29.3204 14.0412 98.5778 0.21376
29.3411 14.0522 98.7323 0.20965
29.3598 14.063 98.8841 0.205848
29.3797 14.0732 99.0274 0.202368
29.4004 14.0831 99.1668 0.196579
29.4206 14.0929 99.3054 0.190486
29.4398 14.102 99.4338 0.188199
29.4605 14.1099 99.5444 0.183775
29.4799 14.1175 99.6524 0.17919
29.4998 14.1242 99.7466 0.175272
29.5207 14.1303 99.832 0.169648
29.54 14.1366 99.9218 0.169039
29.5599 14.1424 100.003 0.170542
29.5799 14.1477 100.079 0.169476
29.6 14.1529 100.152 0.16656
29.6196 14.1574 100.216 0.164472
29.6403 14.1627 100.291 0.159891
29.6598 14.168 100.367 0.162145
29.6804 14.1736 100.445 0.165017
29.6995 14.1788 100.52 0.164477
29.7192 14.1845 100.6 0.167969
29.7402 14.1909 100.69 0.171857
29.7625 14.1979 100.79 0.1761
29.7806 14.2053 100.895 0.180698
29.7999 14.2127 101 0.184836
29.8197 14.2199 101.103 0.186231
29.8396 14.2271 101.205 0.189428
29.8591 14.2343 101.308 0.189902
29.8813 14.2425 101.425 0.195091
29.8997 14.2508 101.542 0.201278
29.9201 14.2591 101.662 0.207537
29.9408 14.2673 101.778 0.213561
29.9612 14.2754 101.894 0.220648
29.9809 14.2839 102.016 0.224107
30.0015 14.2931 102.146 0.228857
30.0201 14.3022 102.276 0.234282
30.0399 14.3111 102.404 0.234687
30.0597 14.3208 102.543 0.239579
30.0797 14.3306 102.683 0.244304
30.0987 14.341 102.832 0.250062
30.1198 14.3511 102.977 0.256661
30.1418 14.3612 103.122 0.262315
30.1604 14.372 103.277 0.263694
30.1821 14.379 103.378 0.260003
30.2002 14.3852 103.466 0.256573
30.2195 14.3906 103.545 0.253414
30.2402 14.3956 103.617 0.245852
30.2601 14.4007 103.69 0.241411
30.2805 14.4064 103.773 0.24594
30.3007 14.4116 103.847 0.250594
30.3201 14.4164 103.917 0.244946
30.3395 14.4205 103.976 0.239008
30.3602 14.424 104.026 0.233335
30.3795 14.4271 104.071 0.228619
30.3992 14.4301 104.114 0.224068
30.4199 14.4327 104.152 0.22104
30.4397 14.4354 104.19 0.218376
30.4611 14.4381 104.23 0.213607
30.48 14.4411 104.272 0.20867
30.5002 14.4441 104.316 0.202846
30.5208 14.4486 104.381 0.20685
30.5407 14.4535 104.452 0.212492
30.5595 14.4587 104.526 0.215639
30.5803 14.4634 104.595 0.220924
30.6031 14.4679 104.66 0.227481
30.6199 14.4721 104.721 0.23256
30.6414 14.4775 104.799 0.229919
30.6601 14.483 104.878 0.227593
30.6803 14.4882 104.954 0.225587
30.6999 14.4941 105.04 0.221968
30.722 14.4991 105.113 0.223777
30.7405 14.5058 105.209 0.224377
30.7591 14.5128 105.31 0.226225
30.7804 14.5202 105.418 0.227808
30.8002 14.528 105.532 0.234023
30.8199 14.5359 105.646 0.240421
30.8405 14.5439 105.762 0.241261
30.8616 14.5522 105.884 0.244821
30.8811 14.5615 106.018 0.243226
30.9005 14.572 106.171 0.241948
30.9196 14.5822 106.321 0.239285
30.9407 14.5921 106.465 0.236872
30.9612 14.6017 106.605 0.235288
30.9804 14.6112 106.743 0.237319
30.9993 14.6216 106.895 0.23972
31.0208 14.632 107.048 0.239535
31.0396 14.6417 107.19 0.238577
31.0606 14.6516 107.334 0.235391
31.0799 14.6611 107.474 0.23897
31.0998 14.6698 107.602 0.237411
31.1206 14.6775 107.715 0.234213
31.1405 14.6841 107.811 0.229824
31.1601 14.6903 107.902 0.222674
31.1804 14.6962 107.989 0.217211
31.1998 14.7009 108.058 0.216546
31.2199 14.704 108.104 0.216311
31.2401 14.7069 108.146 0.216463
31.2604 14.7093 108.181 0.212911
31.28 14.7111 108.208 0.205772
31.3003 14.7128 108.233 0.200577
31.3201 14.7142 108.254 0.193298
31.3421 14.7157 108.276 0.185433
31.3605 14.7175 108.302 0.176998
31.3806 14.7192 108.327 0.177475
31.4006 14.7208 108.351 0.169888
31.4203 14.7229 108.382 0.174782
31.4407 14.7253 108.418 0.179691
31.4599 14.7277 108.453 0.183833
31.48 14.7301 108.487 0.18805
31.5 14.7328 108.528 0.19158
31.5214 14.7357 108.571 0.195865
31.5407 14.7387 108.615 0.199657
31.5612 14.742 108.663 0.204914
31.5797 14.7454 108.714 0.208954
31.5995 14.7492 108.769 0.216026
31.6197 14.7534 108.832 0.222711
31.64 14.7582 108.902 0.229752
31.6605 14.7634 108.978 0.235599
31.6807 14.7684 109.052 0.239985
31.7007 14.7728 109.118 0.242676
31.7216 14.7772 109.182 0.245819
31.7408 14.7814 109.245 0.250514
31.7607 14.7856 109.308 0.253541
31.7791 14.7901 109.374 0.257857
31.8013 14.7954 109.452 0.264893
31.8199 14.8011 109.536 0.272037
31.8403 14.8073 109.628 0.271863
31.8617 14.8137 109.723 0.271861
31.8806 14.8203 109.821 0.271861
31.901 14.8263 109.91 0.270133
31.9204 14.8326 110.003 0.266208
31.9413 14.8377 110.079 0.263992
31.9618 14.8443 110.177 0.270282
31.9803 14.8519 110.29 0.274211
32.0006 14.8595 110.402 0.278572
32.0233 14.8671 110.515 0.283304
32.0412 14.875 110.632 0.28853
32.0628 14.8826 110.745 0.29337
32.0804 14.8902 110.859 0.290555
32.1013 14.8975 110.968 0.287104
32.1201 14.9046 111.074 0.285471
32.141 14.9113 111.174 0.279936
32.1599 14.9184 111.279 0.27737
32.1808 14.9258 111.39 0.272758
32.2002 14.9333 111.501 0.268357
32.2205 14.9414 111.622 0.265474
32.2398 14.9498 111.749 0.265135
32.2601 14.9587 111.881 0.266412
32.2812 14.9681 112.022 0.266429
32.3005 14.9774 112.161 0.266824
32.3209 14.9869 112.304 0.261201
32.34 14.9966 112.45 0.264427
32.3596 15.0068 112.601 0.267732
32.3804 15.0173 112.759 0.274658
32.402 15.0275 112.913 0.273984
32.4201 15.0377 113.066 0.271029
32.4401 15.0476 113.215 0.272918
32.46 15.0575 113.364 0.277465
32.4814 15.0671 113.508 0.27633
32.5009 15.0765 113.651 0.27242
32.5201 15.0856 113.788 0.273402
32.5398 15.0936 113.908 0.273078
32.5598 15.1015 114.028 0.267631
32.5797 15.1097 114.152 0.267673
32.599 15.1176 114.271 0.267781
32.6204 15.1249 114.382 0.268534
32.6398 15.1312 114.477 0.266728
32.659 15.1352 114.537 0.26712
32.6799 15.1391 114.596 0.266792
32.6994 15.1434 114.661 0.26676
32.721 15.1475 114.724 0.26717
32.7393 15.151 114.777 0.271261
32.7596 15.154 114.821 0.27114
32.7792 15.1568 114.864 0.269853
32.8002 15.1601 114.915 0.272472
32.8208 15.1636 114.967 0.276336
32.8401 15.1676 115.028 0.283433
32.8613 15.1719 115.094 0.289172
32.8843 15.1763 115.161 0.292707
32.9042 15.1809 115.229 0.296722
32.9217 15.1851 115.294 0.300288
32.9367 15.1891 115.355 0.299439
32.9543 15.1931 115.414 0.297061
32.9725 15.1969 115.473 0.291917
32.9924 15.2005 115.527 0.286088
33.0122 15.2039 115.579 0.280826
33.0326 15.2073 115.632 0.283175
33.0522 15.2108 115.684 0.28441
33.0724 15.2137 115.729 0.277326
33.0924 15.2169 115.777 0.277032
33.1124 15.2204 115.83 0.28306
33.1322 15.2237 115.881 0.276193
33.1522 15.227 115.931 0.274536
33.1744 15.2306 115.985 0.27905
33.1944 15.2338 116.034 0.273407
33.2199 15.2369 116.081 0.270612
33.24 15.24 116.129 0.268279
33.2607 15.2432 116.178 0.272946
33.2802 15.2467 116.231 0.275466
33.3016 15.248 116.251 0.277145
33.3208 15.249 116.266 0.279063
33.341 15.2495 116.273 0.281222
33.3618 15.2502 116.284 0.279601
33.3807 15.2526 116.321 0.277096
33.4006 15.2528 116.324 0.273871
33.4159 15.2526 116.321 0.276566
33.4331 15.2528 116.324 0.269972
33.4528 15.2536 116.336 0.269403
33.4725 15.254 116.342 0.273266
33.4926 15.2546 116.351 0.280324
33.5138 15.2545 116.35 0.283877
33.5411 15.2539 116.34 0.287321
33.5619 15.2534 116.334 0.286106
33.5808 15.2549 116.356 0.282665
33.6017 15.2564 116.379 0.279049
33.6222 15.2568 116.384 0.278293
33.6432 15.2563 116.378 0.284409
33.663 15.2562 116.375 0.286865
33.6828 15.2564 116.379 0.283006
33.7014 15.2562 116.375 0.285897
33.721 15.2563 116.377 0.289773
33.7414 15.2557 116.369 0.293638
33.7607 15.255 116.358 0.298919
33.7809 15.2531 116.328 0.297243
33.8003 15.253 116.328 0.297744
33.8207 15.253 116.327 0.304484
33.8411 15.2506 116.29 0.305686
33.8604 15.2489 116.265 0.300961
33.8799 15.247 116.235 0.296338
33.9001 15.2444 116.196 0.291969
33.9201 15.2419 116.157 0.287844
33.939 15.2395 116.122 0.283789
33.9604 15.2389 116.112 0.290306
33.9794 15.238 116.098 0.295169
33.9995 15.2376 116.092 0.29967
34.0206 15.238 116.098 0.301972
34.0397 15.2382 116.101 0.306261
34.0609 15.2389 116.111 0.310285
34.0797 15.24 116.128 0.314687
34.0997 15.243 116.174 0.318545
34.1199 15.247 116.235 0.314882
34.1404 15.2516 116.305 0.313937
34.1619 15.2558 116.37 0.313942
34.1801 15.2609 116.447 0.310755
34.2003 15.2673 116.545 0.314328
34.2204 15.2753 116.667 0.318856
34.2409 15.2846 116.809 0.322455
34.2607 15.2944 116.959 0.326853
34.2834 15.3052 117.125 0.330745
34.2996 15.3157 117.285 0.334398
34.3195 15.3247 117.424 0.338168
34.3395 15.3331 117.553 0.343283
34.3605 15.3413 117.677 0.348661
34.3817 15.3493 117.8 0.35265
34.3997 15.3563 117.907 0.347714
34.4199 15.3622 117.999 0.342719
34.4398 15.3678 118.085 0.338091
34.4606 15.3733 118.169 0.332865
34.4799 15.3785 118.249 0.328204
34.5002 15.3831 118.32 0.320942
34.5188 15.3874 118.387 0.315915
34.5397 15.391 118.441 0.31015
34.5606 15.3944 118.494 0.305764
34.5804 15.3978 118.546 0.300991
34.6007 15.401 118.595 0.296303
34.62 15.4045 118.649 0.291966
34.6406 15.4077 118.699 0.287013
34.66 15.4108 118.746 0.282573
34.6798 15.4135 118.787 0.275236
34.7009 15.4163 118.831 0.270712
34.72 15.4192 118.877 0.267636
34.7398 15.4224 118.925 0.264356
34.7612 15.4259 118.979 0.258892
34.7806 15.4298 119.04 0.256566
34.7992 15.4338 119.102 0.257664
34.8212 15.4382 119.169 0.262767
34.8394 15.4434 119.249 0.266545
34.8599 15.4488 119.332 0.270878
34.8792 15.4548 119.426 0.275065
34.9007 15.4614 119.528 0.279266
34.92 15.4686 119.638 0.283458
34.9409 15.4757 119.749 0.286976
34.9605 15.483 119.862 0.291464
34.9792 15.4899 119.969 0.296699
35.0004 15.4962 120.066 0.295661
35.0202 15.5027 120.166 0.294876
35.0405 15.5096 120.274 0.294396
35.0589 15.5164 120.379 0.292789
35.0796 15.5261 120.53 0.290183
35.1001 15.5363 120.689 0.286748
35.1205 15.5461 120.841 0.283078
35.1397 15.5565 121.002 0.280043
35.1595 15.5667 121.161 0.277086
35.182 15.5767 121.317 0.273954
35.1999 15.5864 121.468 0.271797
35.22 15.5957 121.612 0.269556
35.2401 15.6053 121.762 0.267286
35.2612 15.6142 121.902 0.265041
35.2798 15.6233 122.043 0.260189
35.3009 15.6326 122.189 0.259258
35.3208 15.6421 122.338 0.257964
35.34 15.6519 122.491 0.255645
35.361 15.6622 122.652 0.252759
35.3804 15.6731 122.824 0.250485
35.4009 15.6844 123 0.250209
35.4195 15.6959 123.18 0.248561
35.441 15.7076 123.364 0.24572
35.4595 15.7191 123.544 0.246221
35.4803 15.7308 123.73 0.247528
35.5006 15.7425 123.913 0.247207
35.5204 15.7544 124.101 0.249319
35.5401 15.7666 124.293 0.250704
35.5606 15.78 124.503 0.25133
35.5796 15.7934 124.716 0.250998
35.6009 15.8078 124.944 0.250628
35.6201 15.8232 125.186 0.253739
35.6407 15.8388 125.434 0.255528
35.661 15.8545 125.683 0.256361
35.6801 15.8698 125.925 0.258085
35.6998 15.8847 126.161 0.260758
35.7202 15.8996 126.399 0.262232
35.7396 15.915 126.644 0.267302
35.7612 15.9305 126.89 0.2698
35.7796 15.946 127.138 0.268935
35.8001 15.9618 127.389 0.269543
35.8202 15.9777 127.643 0.275413
35.84 15.9936 127.897 0.280389
35.8604 16.0098 128.157 0.284114
35.8804 16.0263 128.422 0.288008
35.9026 16.042 128.673 0.282419
35.9201 16.0575 128.921 0.279763
35.9404 16.072 129.154 0.273426
35.9609 16.0855 129.371 0.266281
35.9811 16.0995 129.597 0.264647
35.9994 16.1136 129.825 0.266331
36.0203 16.1283 130.06 0.263811
36.0398 16.1426 130.291 0.268659
36.0602 16.1559 130.507 0.266249
36.0798 16.1684 130.708 0.258906
36.0997 16.1804 130.903 0.254541
36.12 16.1924 131.098 0.255439
36.1396 16.2042 131.288 0.249584
36.1602 16.215 131.463 0.242721
36.1801 16.2252 131.629 0.236969
36.1999 16.2342 131.775 0.231508
36.2205 16.2419 131.9 0.225405
36.2408 16.2492 132.019 0.218271
36.26 16.2565 132.137 0.212033
36.2799 16.2629 132.24 0.204879
36.2999 16.269 132.34 0.198469
36.3208 16.2745 132.429 0.195472
36.3408 16.2791 132.504 0.188731
36.3607 16.284 132.584 0.183309
36.381 16.2886 132.659 0.180059
36.4008 16.2933 132.736 0.17403
36.4202 16.2985 132.821 0.172935
36.44 16.3029 132.893 0.163478
36.46 16.3065 132.951 0.154406
36.4816 16.3085 132.984 0.145789
36.4996 16.3097 133.004 0.138186
36.5203 16.3106 133.018 0.130623
36.5398 16.3112 133.027 0.120502
36.5604 16.3107 133.019 0.110963
36.58 16.3102 133.011 0.102035
36.5997 16.3098 133.005 0.0917443
36.6206 16.3093 132.997 0.0817239
36.6397 16.3084 132.982 0.0680928
36.6606 16.3076 132.969 0.0562049
36.6797 16.3076 132.968 0.0485935
36.7004 16.3078 132.973 0.0413376
36.7194 16.3083 132.98 0.0357534
36.7402 16.309 132.992 0.0343752
36.763 16.3086 132.985 0.0343752
36.78 16.308 132.975 0.0343752
36.8011 16.3072 132.963 0.0343752
36.8204 16.3062 132.946 0.0343752
36.8433 16.3046 132.92 0.0343752
36.8604 16.3034 132.9 0.0343752
36.8805 16.3026 132.887 0.0343752
36.9004 16.3017 132.873 0.0343752
36.9212 16.301 132.862 0.032635
36.9404 16.3007 132.856 0.0315291
36.9606 16.3003 132.851 0.0292944
36.9801 16.2999 132.843 0.0250435
36.9999 16.2993 132.833 0.0206984
37.0209 16.2991 132.831 0.0177209
37.0404 16.2994 132.835 0.0177209
37.061 16.301 132.861 0.0113
37.0804 16.3024 132.885 0.00865483
37.0994 16.3038 132.908 0.00841287
37.1189 16.3053 132.932 0.0084123
37.1427 16.3069 132.957 0.0084123
37.1602 16.3083 132.981 0.0084123
37.1799 16.3098 133.004 0.0084123
37.1998 16.3111 133.026 0.0084123
37.2205 16.3124 133.047 0.00541396
37.2411 16.3136 133.068 0.000956138
37.2606 16.3149 133.088 0.000427404
37.2805 16.3162 133.109 0.000427404
37.2998 16.3175 133.13 0.000427404
37.32 16.3187 133.15 0.000427404
37.3393 16.3199 133.169 0.000427404
37.3598 16.321 133.188 0.000427404
37.3804 16.3221 133.205 0.000427404
37.3998 16.323 133.22 0.000427404
37.4201 16.3238 133.234 0.000280008
37.4404 16.3246 133.247 0.000280008
37.4605 16.3253 133.258 0.000280008
37.4804 16.326 133.269 0.000280008
37.5006 16.3276 133.295 0.000280008
37.5228 16.3292 133.321 0.000280008
37.5397 16.3305 133.343 0.000280008
37.5608 16.3329 133.383 0.000290352
37.5802 16.3346 133.41 0.000290352
37.6016 16.3366 133.443 0.00030084
37.6197 16.3384 133.471 0.000311617
37.6407 16.3398 133.495 0.000322654
37.6598 16.3408 133.51 0.000333925
37.6811 16.3416 133.525 0.000345697
37.7013 16.3424 133.537 0.00035708
37.7198 16.343 133.547 0.000368926
37.7411 16.3436 133.557 0.000380929
37.76 16.3442 133.567 0.000380929
37.7802 16.345 133.58 0.000390778
37.8003 16.3446 133.573 0.000390778
37.8206 16.3443 133.568 0.000390648
37.8397 16.344 133.563 0.000401878
37.8605 16.3437 133.558 0.00041256
37.8805 16.3434 133.554 0.000412439
37.8996 16.3432 133.55 0.00041013
37.9207 16.343 133.547 0.000410495
37.9402 16.3428 133.544 0.000411103
37.9616 16.3426 133.54 0.000185033
37.9799 16.3424 133.537 2.04429e-08
38.0004 16.3422 133.534 2.08194e-08
38.0204 16.342 133.53 2.10734e-08
38.0411 16.3417 133.526 1.94014e-08
38.0592 16.3408 133.511 1.73165e-05
38.0787 16.3398 133.494 1.73165e-05
38.0996 16.3387 133.477 1.73165e-05
38.1189 16.3378 133.461 3.87243e-05
38.1412 16.3377 133.46 5.91573e-05
38.1598 16.3376 133.459 6.48031e-05
38.1811 16.3375 133.457 6.48054e-05
38.1993 16.3373 133.454 3.6057e-05
38.2202 16.3372 133.452 2.12348e-08
38.2403 16.337 133.45 2.05426e-08
38.2603 16.3369 133.447 2.0563e-08
38.2803 16.3367 133.445 1.73163e-05
38.3001 16.3366 133.442 2.08804e-08
38.3202 16.3364 133.44 2.09249e-08
38.3412 16.3362 133.436 2.14426e-08
38.3613 16.3361 133.433 2.12417e-08
38.3802 16.3358 133.43 2.14393e-08
38.4006 16.3356 133.426 2.06121e-08
38.4206 16.3354 133.423 2.12396e-08
38.4409 16.3352 133.42 2.09622e-08
38.4602 16.335 133.417 2.10734e-08
38.4807 16.3349 133.414 9.99257e-06
38.5013 16.3347 133.411 2.82735e-05
38.5193 16.3345 133.408 4.58175e-05
38.5386 16.3341 133.401 4.58175e-05
38.5596 16.3336 133.393 5.99951e-05
38.5792 16.3332 133.387 6.99903e-05
38.6002 16.3329 133.382 7.34785e-05
38.6199 16.3327 133.379 8.99941e-05
38.6401 16.3325 133.376 0.000106765
38.6592 16.3324 133.374 0.000123688
38.6802 16.3324 133.373 0.000131143
38.7008 16.3324 133.374 8.48527e-05
38.7201 16.3325 133.375 8.48527e-05
38.7402 16.3325 133.376 8.5439e-05
38.761 16.3326 133.377 8.83158e-05
38.7792 16.3327 133.378 9.4865e-05
38.8003 16.3325 133.375 0.000102953
38.8204 16.3323 133.372 0.000102953
38.8399 16.3333 133.389 9.84847e-05
38.8601 16.3346 133.41 8.5441e-05
38.88 16.336 133.433 6.08364e-05
38.9007 16.3377 133.46 6.08364e-05
38.9199 16.3391 133.484 6.40396e-05
38.9422 16.3408 133.511 7.00055e-05
38.959 16.3427 133.542 7.48353e-05
38.9798 16.3449 133.578 8.54411e-05
39.0007 16.3472 133.615 9.43408e-05
39.0191 16.3497 133.656 8.06255e-05
39.0401 16.3522 133.697 8.3097e-05
39.0601 16.3546 133.736 9.16498e-05
39.0797 16.3571 133.778 0.000103439
39.1005 16.3597 133.82 0.0001118
39.12 16.3624 133.864 0.0001118
39.1397 16.3651 133.908 0.0001118
39.1601 16.3678 133.952 0.000112691
39.1804 16.37 133.988 0.000112691
39.2005 16.3721 134.022 0.000115322
39.2195 16.3741 134.056 0.000129224
39.2401 16.3764 134.093 7.55033e-05
39.2618 16.3787 134.131 7.55033e-05
39.2804 16.381 134.168 7.55033e-05
39.3008 16.3831 134.202 8.18581e-05
39.3197 16.3851 134.236 9.05572e-05
39.3408 16.388 134.284 0.000101491
39.3624 16.3903 134.321 0.000106775
39.38 16.393 134.366 0.000106771
39.4002 16.3956 134.408 0.000106771
39.4231 16.3983 134.452 0.000104881
39.4408 16.4013 134.501 4.12218e-05
39.4645 16.4046 134.555 4.58173e-05
39.4862 16.4079 134.61 4.99893e-05
39.502 16.4112 134.664 5.8299e-05
39.5209 16.4145 134.718 6.40205e-05
39.5397 16.4178 134.771 7.4823e-05
39.5601 16.4209 134.824 8.77384e-05
39.5806 16.4242 134.878 9.64278e-05
39.6011 16.4275 134.931 0.000114447
39.621 16.4306 134.982 0.000129991
39.6409 16.4337 135.034 0.000145248
39.6606 16.4366 135.081 0.00013963
39.6803 16.4395 135.128 0.000153611
39.7007 16.4423 135.175 0.000161851
39.7209 16.4451 135.221 9.43295e-05
39.7402 16.4477 135.264 9.48573e-05
39.7599 16.4503 135.306 9.64249e-05
39.7797 16.4528 135.347 9.69413e-05
39.8003 16.4553 135.389 8.54303e-05
39.82 16.4579 135.431 7.99923e-05
39.8409 16.4605 135.474 8.1231e-05
39.8597 16.4631 135.517 2.99926e-05
39.8798 16.4657 135.56 2.99925e-05
39.9004 16.4684 135.604 1.00076e-05
39.9204 16.471 135.648 2.10734e-08
39.9403 16.4737 135.692 2.13281e-08
39.9606 16.4764 135.736 2.09576e-08
39.98 16.479 135.779 1.00074e-05
40.0002 16.4816 135.822 1.73248e-05
40.0197 16.4841 135.862 1.99926e-05
40.0394 16.4864 135.9 3.1618e-05
40.0598 16.4886 135.937 4.4718e-05
40.0797 16.4906 135.969 6.08238e-05
40.1 16.4922 135.996 7.68084e-05
40.1196 16.4936 136.02 7.68084e-05
40.1411 16.4951 136.044 8.65981e-05
40.1605 16.4963 136.064 6.00023e-05
40.1795 16.4963 136.064 7.07126e-05
40.2002 16.4963 136.064 5.83068e-05
40.2202 16.4963 136.064 7.21088e-05
40.2404 16.4963 136.064 6.99924e-05
40.2608 16.4963 136.064 1.41422e-05
40.2801 16.4963 136.064 1.99926e-05
40.2998 16.4963 136.064 1.99926e-05
40.32 16.4963 136.064 2.10734e-08
40.3407 16.4963 136.064 2.10734e-08
40.363 16.4963 136.064 2.10734e-08
40.3808 16.4963 136.065 2.10734e-08
40.3998 16.4963 136.065 1.99851e-05
40.4202 16.4966 136.069 1.99926e-05
40.4404 16.4966 136.069 3.16181e-05
40.4605 16.4968 136.073 2.00076e-05
40.4815 16.4968 136.073 2.45011e-05
40.5006 16.4968 136.073 1.99925e-05
40.5208 16.4968 136.073 2.10734e-08
40.5393 16.4976 136.085 1.99851e-05
40.5607 16.4983 136.097 2.99876e-05
40.5799 16.4983 136.097 3.3155e-05
40.6013 16.4983 136.097 3.74046e-05
40.6204 16.4983 136.097 4.68915e-05
40.641 16.4983 136.097 4.68915e-05
40.6618 16.4983 136.097 4.24159e-05
40.6803 16.4983 136.096 4.24159e-05
40.7018 16.4982 136.096 2.99926e-05
40.7214 16.4982 136.095 2.99926e-05
40.7409 16.4982 136.095 2.99926e-05
40.76 16.4981 136.094 2.99926e-05
40.7806 16.499 136.109 2.99926e-05
40.8008 16.499 136.108 2.99926e-05
40.8196 16.4989 136.108 2.99926e-05
40.8411 16.4989 136.107 2.09467e-08
40.8612 16.4989 136.106 2.1026e-08
40.8799 16.4988 136.105 2.06591e-08
40.9012 16.4988 136.104 2.10119e-08
40.9195 16.4987 136.103 1.99926e-05
40.9396 16.4986 136.102 2.96028e-05
40.9611 16.4986 136.102 2.99925e-05
40.98 16.4985 136.101 3.99925e-05
41.0022 16.4985 136.1 3.99925e-05
41.0202 16.4984 136.099 3.99925e-05
41.0415 16.4986 136.102 3.99925e-05
41.0602 16.4985 136.101 2.10734e-08
41.0802 16.4985 136.099 1.0757e-05
41.1012 16.4984 136.098 3.98269e-06
41.1206 16.4983 136.097 3.98268e-06
41.1411 16.4982 136.096 3.98269e-06
41.1617 16.4982 136.095 2.09354e-08
41.1796 16.4981 136.093 1.41317e-05
41.2026 16.498 136.092 2.05879e-08
41.2206 16.4979 136.091 2.10734e-08
41.2396 16.4979 136.09 2.13054e-08
41.2616 16.4978 136.088 2.10734e-08
41.2798 16.4977 136.087 2.0581e-08
41.3008 16.4976 136.086 9.99291e-06
41.32 16.4976 136.086 3.16183e-05
41.3399 16.4976 136.086 4.58117e-05
41.3599 16.4976 136.086 5.82972e-05
41.3792 16.4976 136.086 6.40211e-05
41.4002 16.4976 136.086 7.80924e-05
41.42 16.4976 136.086 9.21853e-05
41.4402 16.4976 136.086 0.000106761
41.4598 16.4976 136.086 8.99929e-05
41.4798 16.4977 136.086 9.99929e-05
41.5007 16.4977 136.086 2.09433e-08
41.5202 16.4977 136.086 2.10734e-08
41.5394 16.4977 136.087 2.10734e-08
41.5593 16.4977 136.087 9.99257e-06
41.5797 16.4977 136.087 9.99257e-06
41.6007 16.4977 136.087 1.41317e-05
41.6207 16.4977 136.087 2.09458e-08
41.6411 16.4977 136.088 2.10686e-08
41.6604 16.4978 136.088 2.10551e-08
41.6808 16.4978 136.088 2.10385e-08
41.6993 16.4978 136.088 1.00075e-05
41.7205 16.4978 136.088 1.00075e-05
41.7409 16.4978 136.088 2.10734e-08
41.7611 16.4978 136.089 9.99257e-06
41.7809 16.4978 136.089 2.10483e-08
41.8001 16.4978 136.089 1.99925e-05
41.8202 16.4979 136.09 1.99925e-05
41.8399 16.4979 136.09 2.99925e-05
41.8604 16.4979 136.091 2.10734e-08
41.8801 16.4981 136.093 2.10397e-08
41.9006 16.4981 136.094 2.12185e-08
41.9206 16.4982 136.095 9.99244e-06
41.9406 16.4982 136.095 2.08889e-08
41.9601 16.4983 136.098 2.09394e-08
41.9795 16.4992 136.113 1.41422e-05
41.9997 16.5002 136.128 2.82843e-05
42.023 16.5014 136.147 4.24264e-05
42.0401 16.5025 136.166 5.65686e-05
42.0596 16.5037 136.186 7.2111e-05
42.0792 16.5049 136.206 8.77488e-05
42.1011 16.5063 136.229 7.34767e-05
42.1209 16.5079 136.255 8.30582e-05
42.1407 16.5096 136.284 9.27282e-05
42.1595 16.5115 136.314 0.000102948
42.1794 16.5131 136.341 0.000114008
42.2006 16.5148 136.369 0.000122058
42.2203 16.5165 136.398 0.000131901
42.2396 16.5184 136.429 0.000142118
42.26 16.5201 136.457 0.000151862
42.2801 16.5218 136.485 0.000161547
42.2999 16.5233 136.51 0.000172619
42.32 16.5245 136.529 0.000172618
42.3406 16.5259 136.552 0.000174347
42.3604 16.5271 136.572 0.000171457
42.38 16.5282 136.59 0.000171164
42.4 16.5292 136.608 0.000171747
42.4208 16.5301 136.623 0.000171457
42.4402 16.5314 136.644 2.64493e-05
42.4599 16.5325 136.661 3.99928e-05
42.4798 16.5326 136.663 5.7442e-05
42.5002 16.5327 136.665 7.68107e-05
42.5203 16.5328 136.666 9.38116e-05
42.5396 16.5328 136.667 0.000117903
42.5596 16.5329 136.668 0.000139647
42.5798 16.5329 136.668 0.000124103
42.5999 16.5329 136.669 0.000140363
42.6201 16.533 136.67 0.000120832
42.6399 16.533 136.67 3.31729e-05
42.6594 16.5329 136.669 2.82843e-05
42.6794 16.5329 136.668 2.10558e-08
42.7004 16.5328 136.666 9.99253e-06
42.7195 16.5327 136.665 2.10734e-08
42.7412 16.5326 136.664 2.09402e-08
42.7599 16.5325 136.662 1.00074e-05
42.7806 16.5324 136.661 2.08865e-08
42.8004 16.5324 136.66 2.10734e-08
42.8206 16.5323 136.658 2.10734e-08
42.8417 16.5322 136.657 9.99257e-06
42.8613 16.5321 136.656 2.10734e-08
42.88 16.5316 136.646 1.99851e-05
42.9007 16.531 136.637 3.46281e-05
42.9216 16.5304 136.627 3.46281e-05
42.9406 16.5298 136.618 5.19486e-05
42.9623 16.5292 136.608 6.92691e-05
42.9797 16.5286 136.598 8.65896e-05
43.0027 16.5281 136.589 0.00010391
43.0194 16.5277 136.582 0.000122053
43.0399 16.5273 136.576 0.000139986
43.0595 16.527 136.571 0.000157149
43.0805 16.5267 136.566 0.000174342
43.0998 16.5265 136.563 0.000174342
43.1217 16.5264 136.56 0.000141411
43.1398 16.5262 136.558 0.000141411
43.1604 16.5261 136.556 0.000141411
43.1797 16.5261 136.556 0.000141763
43.2004 16.5262 136.558 0.000141411
43.2199 16.5263 136.559 0.000141411
43.2406 16.5263 136.559 0.000141763
43.2605 16.5264 136.561 0.000142817
43.28 16.5264 136.562 0.000141411
43.3008 16.5265 136.562 0.000141411
43.3208 16.5265 136.563 0.000141411
43.3399 16.5266 136.565 0.000141763
43.3624 16.5269 136.569 0.000141411
43.3814 16.5271 136.573 0.000142116
43.4003 16.5276 136.58 0.000130756
43.4219 16.5279 136.585 0.000120821
43.4397 16.5282 136.59 0.000114008
43.4599 16.5283 136.592 0.000107229
43.4804 16.5283 136.593 0.000109991
43.5 16.5285 136.595 0.000107691
43.5205 16.5287 136.598 0.000103427
43.5413 16.5288 136.601 0.000107225
43.56 16.5291 136.606 0.000100985
43.579 16.5295 136.612 9.84787e-05
43.5995 16.53 136.621 0.000100985
43.6206 16.5306 136.63 9.74533e-05
43.6413 16.531 136.637 9.53806e-05
43.6606 16.5315 136.645 4.89775e-05
43.6801 16.5317 136.649 5.29064e-05
43.7 16.5321 136.655 6.40253e-05
43.721 16.5324 136.659 7.54953e-05
43.7397 16.5326 136.664 7.41568e-05
43.7604 16.5328 136.667 8.36605e-05
43.7795 16.533 136.67 9.69489e-05
43.7999 16.5332 136.673 0.000108162
43.8209 16.5332 136.674 0.000108162
43.84 16.5332 136.674 0.000101482
43.8612 16.5333 136.675 0.00010049
43.8812 16.5333 136.675 9.99256e-06
43.9 16.5335 136.678 9.99256e-06
43.9207 16.5335 136.679 2.10704e-08
43.9406 16.5336 136.68 2.1075e-08
43.9608 16.5337 136.681 2.10897e-08
43.9809 16.5337 136.682 2.00075e-05
43.9997 16.5337 136.682 1.73334e-05
44.02 16.5337 136.682 3.00124e-05
44.0408 16.5337 136.681 2.23707e-05
44.0598 16.5336 136.68 1.41421e-05
44.0802 16.5335 136.679 1.41421e-05
44.1 16.5335 136.678 1.41421e-05
44.1209 16.5335 136.678 1.41421e-05
44.1399 16.5334 136.677 2.00075e-05
44.1596 16.5334 136.677 5.02483e-05
44.1806 16.5334 136.676 4.82141e-05
44.2 16.5333 136.676 4.82141e-05
44.2209 16.5333 136.675 4.92417e-05
44.2409 16.5332 136.673 4.82141e-05
44.2607 16.5331 136.672 4.90192e-05
44.2798 16.5331 136.672 6.55975e-05
44.3007 16.5331 136.672 4.6901e-05
44.3196 16.5331 136.672 6.40278e-05
44.341 16.5331 136.672 3.99926e-05
44.3595 16.5331 136.672 2.10699e-08
44.3797 16.5331 136.672 2.10734e-08
44.4 16.5331 136.672 2.10708e-08
44.42 16.5331 136.672 2.10734e-08
44.4402 16.5331 136.672 2.10702e-08
44.4597 16.5331 136.672 2.10743e-08
44.4799 16.5331 136.672 2.10713e-08
44.5005 16.5331 136.672 2.10729e-08
44.5202 16.5331 136.672 2.10734e-08
44.5405 16.5331 136.672 2.10734e-08
44.5601 16.5331 136.672 2.10728e-08
44.5821 16.5331 136.672 2.10734e-08
44.6008 16.5331 136.672 2.10745e-08
44.6211 16.5331 136.672 2.10725e-08
44.6406 16.5331 136.672 2.10712e-08
44.661 16.5331 136.672 2.10723e-08
44.6798 16.5331 136.672 2.10726e-08
44.7003 16.5331 136.672 2.10689e-08
44.7204 16.5331 136.672 2.10733e-08
44.7401 16.5331 136.672 2.10733e-08
44.76 16.5331 136.672 2.10718e-08
44.7816 16.5331 136.672 2.10728e-08
44.8007 16.5331 136.672 2.10722e-08
44.8199 16.5331 136.672 2.10727e-08
44.8404 16.5331 136.672 2.10734e-08
44.8609 16.5331 136.672 2.10734e-08
44.8806 16.5331 136.672 2.10734e-08
44.9001 16.5331 136.672 2.10734e-08
44.921 16.5331 136.672 2.10734e-08
44.94 16.5331 136.672 2.1072e-08
44.9602 16.5331 136.672 2.10725e-08
44.9807 16.5331 136.672 2.10733e-08
44.9997 16.5331 136.672 2.10733e-08
45.021 16.5331 136.672 2.10733e-08
45.0402 16.5331 136.672 2.10724e-08
45.0599 16.5331 136.672 2.10732e-08
45.0818 16.5331 136.672 2.10725e-08
45.1001 16.5331 136.672 2.10733e-08
45.1205 16.5331 136.672 2.10727e-08
45.1423 16.5331 136.672 2.10734e-08
45.1603 16.5331 136.672 2.10733e-08
45.1798 16.5331 136.672 2.10731e-08
45.2001 16.5331 136.672 2.10733e-08
45.2206 16.5331 136.672 2.10724e-08
45.2401 16.5331 136.672 2.10733e-08
45.2596 16.5331 136.672 2.10733e-08
45.2797 16.5331 136.672 2.10733e-08
45.3002 16.5331 136.672 2.10733e-08
45.3199 16.5331 136.672 2.10733e-08
45.3401 16.5331 136.672 2.10732e-08
45.3601 16.5331 136.672 2.10735e-08
45.3798 16.5331 136.672 2.10733e-08
45.399 16.5331 136.672 2.10733e-08
45.4205 16.5331 136.672 2.10735e-08
45.4391 16.5331 136.672 2.10738e-08
45.4597 16.5331 136.672 2.10736e-08
45.4798 16.5331 136.672 2.10733e-08
45.4997 16.5331 136.672 2.10733e-08
45.5205 16.5331 136.672 2.1073e-08
45.5395 16.5331 136.672 2.1074e-08
45.5595 16.5331 136.672 2.10732e-08
45.5797 16.5331 136.672 2.10735e-08
45.5997 16.5331 136.672 2.10733e-08
45.6197 16.5331 136.672 2.10733e-08
45.6401 16.5331 136.672 2.10731e-08
45.6597 16.5331 136.672 2.10731e-08
45.6795 16.5331 136.672 2.10733e-08
45.7001 16.5331 136.672 2.10731e-08
45.7201 16.5331 136.672 2.10735e-08
45.7411 16.5331 136.672 2.10734e-08
45.76 16.5331 136.672 2.10732e-08
45.7798 16.5331 136.672 2.10737e-08
45.8002 16.5331 136.672 2.10731e-08
45.8196 16.5331 136.672 2.10732e-08
45.84 16.5331 136.672 2.10732e-08
45.8601 16.5331 136.672 2.10731e-08
45.8802 16.5331 136.672 2.10734e-08
45.8991 16.5331 136.672 2.10732e-08
45.9206 16.5331 136.672 2.10734e-08
45.9396 16.5331 136.672 2.10732e-08
45.959 16.5331 136.672 2.10734e-08
45.979 16.5331 136.672 2.10738e-08
45.9995 16.5331 136.672 2.10735e-08
46.0224 16.5331 136.672 2.10734e-08
46.0402 16.5331 136.672 2.10731e-08
46.0597 16.5331 136.672 2.10734e-08
46.0792 16.5331 136.672 2.10732e-08
46.0999 16.5331 136.672 2.10733e-08
46.1191 16.5331 136.672 2.10731e-08
46.1394 16.5331 136.672 2.10738e-08
46.1592 16.5331 136.672 2.10736e-08
46.1801 16.5331 136.672 2.10735e-08
46.2005 16.5331 136.672 2.10733e-08
46.2196 16.5331 136.672 2.10734e-08
46.2389 16.5331 136.672 2.10734e-08
46.2583 16.5331 136.672 2.10737e-08
46.2827 16.5331 136.672 2.10736e-08
46.3001 16.5331 136.672 2.10734e-08
46.3225 16.5331 136.672 2.10735e-08
46.3401 16.5331 136.672 2.10735e-08
46.3589 16.5331 136.672 2.10733e-08
46.3793 16.5331 136.672 2.10734e-08
46.3997 16.5331 136.672 2.10736e-08
46.4192 16.5331 136.672 2.10735e-08
46.4404 16.5331 136.672 2.10733e-08
46.4598 16.5331 136.672 2.10734e-08
46.4799 16.5331 136.672 2.10734e-08
46.4993 16.5331 136.672 2.10733e-08
46.5198 16.5331 136.672 2.10735e-08
46.5407 16.5331 136.672 2.10734e-08
46.5587 16.5331 136.672 2.10734e-08
46.5784 16.5331 136.672 2.10735e-08
46.6002 16.5331 136.672 2.10736e-08
46.6184 16.5331 136.672 2.10734e-08
46.639 16.5331 136.672 2.10734e-08
46.6597 16.5331 136.672 2.10735e-08
46.6804 16.5331 136.672 2.10734e-08
46.7001 16.5331 136.672 2.10735e-08
46.7202 16.5331 136.672 2.10735e-08
46.7399 16.5331 136.672 2.10734e-08
46.7598 16.5331 136.672 2.10734e-08
46.7802 16.5331 136.672 2.10736e-08
46.8004 16.5331 136.672 2.10734e-08
46.82 16.5331 136.672 2.10735e-08
46.8381 16.5331 136.672 2.10734e-08
46.86 16.5331 136.672 2.10734e-08
46.879 16.5331 136.672 2.10735e-08
46.8999 16.5331 136.672 2.10734e-08
46.9209 16.5331 136.672 2.10734e-08
46.9394 16.5331 136.672 2.10735e-08
46.9608 16.5331 136.672 2.10734e-08
46.9791 16.5331 136.672 2.10735e-08
46.9984 16.5331 136.672 2.10734e-08
47.0192 16.5331 136.672 2.10735e-08
47.0398 16.5331 136.672 2.10734e-08
47.0593 16.5331 136.672 2.10734e-08
47.0794 16.5331 136.672 2.10734e-08
47.0999 16.5331 136.672 2.10734e-08
47.1194 16.5331 136.672 2.10734e-08
47.1392 16.5331 136.672 2.10735e-08
47.1597 16.5331 136.672 2.10734e-08
47.1795 16.5331 136.672 2.10735e-08
47.1994 16.5331 136.672 2.10735e-08
47.2205 16.5331 136.672 2.10734e-08
47.2406 16.5331 136.672 2.10734e-08
47.2599 16.5331 136.672 2.10735e-08
47.2797 16.5331 136.672 2.10734e-08
47.301 16.5331 136.672 2.10734e-08
47.3189 16.5331 136.672 2.10734e-08
47.3398 16.5331 136.672 2.10734e-08
47.3598 16.5331 136.672 2.10734e-08
47.3796 16.5331 136.672 2.10734e-08
47.3996 16.5331 136.672 2.10734e-08
47.4189 16.5331 136.672 2.10734e-08
47.4397 16.5331 136.672 7.05064e-07
47.4592 16.5331 136.672 3.49077e-13
47.4796 16.5331 136.672 1.72828e-19
47.4989 16.5331 136.672 8.55676e-26
47.5191 16.5331 136.672 1.35553e-15
47.5395 16.5331 136.672 2.56113e-34
47.5605 16.5331 136.672 1.0385e-44
47.5795 16.5331 136.672 0
47.5994 16.5331 136.672 0
47.62 16.5331 136.672 2.10734e-08
47.6403 16.5331 136.672 2.10734e-08
47.6594 16.5331 136.672 2.10734e-08
47.6795 16.5331 136.672 2.10734e-08
47.6983 16.5331 136.672 2.10734e-08
47.7211 16.5331 136.672 2.10734e-08
47.7399 16.5331 136.672 2.10734e-08
47.7597 16.5331 136.672 1.61443e-11
47.7804 16.5331 136.672 6.4468e-08
47.8015 16.5331 136.672 3.19183e-14
47.8204 16.5331 136.672 2.10734e-08
47.8408 16.5331 136.672 2.10734e-08
47.8596 16.5331 136.672 3.21034e-22
47.8801 16.5331 136.672 1.91805e-39
47.8983 16.5331 136.672 8.13355e-46
47.9191 16.5331 136.672 0
47.941 16.5331 136.672 0
47.959 16.5331 136.672 0
47.9787 16.5331 136.672 0
47.9986 16.5331 136.672 0
48.0191 16.5331 136.672 0
48.039 16.5331 136.672 0
48.0599 16.5331 136.672 0
48.0787 16.5331 136.672 1.56594e-10
48.0999 16.5331 136.672 1.22395e-30
48.1196 16.5331 136.672 0
48.1391 16.5331 136.672 0
48.1591 16.5331 136.672 2.23363e-20
48.1789 16.5331 136.672 2.10734e-08
48.199 16.5331 136.672 1.34478e-09
48.219 16.5331 136.672 2.54079e-28
48.2382 16.5331 136.672 0
48.2587 16.5331 136.672 0
48.2781 16.5331 136.672 0
48.2986 16.5331 136.672 0
48.3197 16.5331 136.672 0
48.3404 16.5331 136.672 0
48.3614 16.5331 136.672 0
48.3791 16.5331 136.672 0
48.401 16.5331 136.672 0
48.4198 16.5331 136.672 0
48.4382 16.5331 136.672 0
48.4578 16.5331 136.672 0
48.4793 16.5331 136.672 0
48.5001 16.5331 136.672 0
48.5187 16.5331 136.672 0
48.5384 16.5331 136.672 0
48.559 16.5331 136.672 0
48.5798 16.5331 136.672 0
48.5997 16.5331 136.672 0
48.6189 16.5331 136.672 0
48.64 16.5331 136.672 0
48.659 16.5331 136.672 0
48.6788 16.5331 136.672 0
48.6984 16.5331 136.672 0
48.7187 16.5331 136.672 0
48.7388 16.5331 136.672 0
48.7593 16.5331 136.672 0
48.7799 16.5331 136.672 0
48.8004 16.5331 136.672 0
48.8204 16.5331 136.672 0
48.8387 16.5331 136.672 3.59191e-19
48.8547 16.5331 136.672 1.03398e-17
48.8732 16.5331 136.672 8.08163e-38
48.8922 16.5331 136.672 0
48.9118 16.5331 136.672 4.89572e-11
48.9318 16.5331 136.672 2.42386e-17
48.952 16.5331 136.672 1.20006e-23
48.9731 16.5331 136.672 2.53762e-29
48.9954 16.5331 136.672 2.94164e-36
49.0159 16.5331 136.672 1.4565e-42
49.0363 16.5331 136.672 0
49.0563 16.5331 136.672 0
49.0734 16.5331 136.672 0
49.0925 16.5331 136.672 0
49.1119 16.5331 136.672 3.90113e-23
49.1321 16.5331 136.672 3.0463e-43
49.1521 16.5331 136.672 0
49.1728 16.5331 136.672 0
49.1926 16.5331 136.672 0
49.2155 16.5331 136.672 0
49.2352 16.5331 136.672 0
49.2553 16.5331 136.672 0
49.2765 16.5331 136.672 0
49.2957 16.5331 136.672 0
49.316 16.5331 136.672 0
49.3367 16.5331 136.672 0
49.3556 16.5331 136.672 0
49.3755 16.5331 136.672 0
49.3949 16.5331 136.672 0
49.4159 16.5331 136.672 0
49.4359 16.5331 136.672 0
49.4554 16.5331 136.672 0
49.4745 16.5331 136.672 0
49.4947 16.5331 136.672 0
49.5141 16.5331 136.672 0
49.5345 16.5331 136.672 0
49.5545 16.5331 136.672 0
49.5744 16.5331 136.672 0
49.5939 16.5331 136.672 0
49.6138 16.5331 136.672 0
49.6344 16.5331 136.672 0
49.6542 16.5331 136.672 0
49.6741 16.5331 136.672 0
49.6987 16.5331 136.672 0
49.7197 16.5331 136.672 0
49.7397 16.5331 136.672 0
49.7594 16.5331 136.672 0
49.7787 16.5331 136.672 0
49.7989 16.5331 136.672 0
49.8195 16.5331 136.672 0
49.8385 16.5331 136.672 0
49.8588 16.5331 136.672 0
49.8789 16.5331 136.672 0
49.8998 16.5331 136.672 0
49.9196 16.5331 136.672 0
49.9388 16.5331 136.672 0
49.9591 16.5331 136.672 0
49.9782 16.5331 136.672 0
49.9994 16.5331 136.672 0
50.0198 16.5331 136.672 0
50.0395 16.5331 136.672 0
50.06 16.5331 136.672 0
50.08 16.5331 136.672 0
50.0997 16.5331 136.672 0
50.1195 16.5331 136.672 0
50.1391 16.5331 136.672 0
50.1603 16.5331 136.672 0
50.1789 16.5331 136.672 0
50.1987 16.5331 136.672 0
50.2194 16.5331 136.672 0
50.239 16.5331 136.672 0
50.2595 16.5331 136.672 0
50.2792 16.5331 136.672 0
50.2995 16.5331 136.672 0
50.3192 16.5331 136.672 0
50.3384 16.5331 136.672 0
50.3591 16.5331 136.672 0
50.3787 16.5331 136.672 0
50.3984 16.5331 136.672 0
50.419 16.5331 136.672 0
50.4385 16.5331 136.672 0
50.4587 16.5331 136.672 0
50.4819 16.5331 136.672 0
50.4992 16.5331 136.672 0
50.5206 16.5331 136.672 0
50.5394 16.5331 136.672 5.17519e-08
50.5597 16.5331 136.672 4.04496e-28
50.5789 16.5331 136.672 0
50.5993 16.5331 136.672 0
50.6193 16.5331 136.672 0
50.6395 16.5331 136.672 0
50.6606 16.5331 136.672 0
50.6793 16.5331 136.672 0
50.6996 16.5331 136.672 0
50.7187 16.5331 136.672 0
50.7399 16.5331 136.672 0
50.7585 16.5331 136.672 0
50.7787 16.5331 136.672 0
50.7993 16.5331 136.672 0
50.8189 16.5331 136.672 0
50.8396 16.5331 136.672 0
50.8589 16.5331 136.672 0
50.8784 16.5331 136.672 0
50.8983 16.5331 136.672 0
50.9189 16.5331 136.672 0
50.9388 16.5331 136.672 0
50.9585 16.5331 136.672 0
50.9792 16.5331 136.672 0
50.9976 16.5331 136.672 0
51.0189 16.5331 136.672 0
51.0391 16.5331 136.672 0
51.0604 16.5331 136.672 0
51.0789 16.5331 136.672 0
51.0991 16.5331 136.672 0
51.1193 16.5331 136.672 0
51.1396 16.5331 136.672 0
51.1587 16.5331 136.672 0
51.1798 16.5331 136.672 0
51.1993 16.5331 136.672 0
51.2188 16.5331 136.672 0
51.2394 16.5331 136.672 0
51.2596 16.5331 136.672 0
51.2795 16.5331 136.672 2.10734e-08
51.2995 16.5331 136.672 3.78501e-24
51.3202 16.5331 136.672 2.90326e-44
51.3391 16.5331 136.672 0
51.3593 16.5331 136.672 0
51.3792 16.5331 136.672 0
51.3988 16.5331 136.672 0
51.4202 16.5331 136.672 0
51.4396 16.5331 136.672 0
51.4591 16.5331 136.672 0
51.479 16.5331 136.672 0
51.5 16.5331 136.672 0
51.5182 16.5331 136.672 0
51.5387 16.5331 136.672 0
51.5585 16.5331 136.672 0
51.5786 16.5331 136.672 0
51.6006 16.5331 136.672 0
51.619 16.5331 136.672 0
51.6397 16.5331 136.672 0
51.6594 16.5331 136.672 0
51.6796 16.5331 136.672 0
51.698 16.5331 136.672 0
51.7197 16.5331 136.672 0
51.7395 16.5331 136.672 0
51.7599 16.5331 136.672 0
51.7784 16.5331 136.672 0
51.7983 16.5331 136.672 0
51.8192 16.5331 136.672 0
51.8379 16.5331 136.672 0
51.8591 16.5331 136.672 0
51.8794 16.5331 136.672 2.44408e-15
51.9005 16.5331 136.672 1.9103e-35
51.9194 16.5331 136.672 0
51.9397 16.5331 136.672 0
51.9604 16.5331 136.672 0
51.9807 16.5331 136.672 0
52.0005 16.5331 136.672 2.10734e-08
52.0193 16.5331 136.672 2.97725e-10
52.0394 16.5331 136.672 1.95434e-21
52.059 16.5331 136.672 9.67597e-28
52.0788 16.5331 136.672 4.79053e-34
52.0998 16.5331 136.672 2.37179e-40
52.1183 16.5331 136.672 0
52.139 16.5331 136.672 0
52.1584 16.5331 136.672 0
52.1783 16.5331 136.672 0
52.2001 16.5331 136.672 0
52.2189 16.5331 136.672 0
52.2385 16.5331 136.672 0
52.2593 16.5331 136.672 0
52.2801 16.5331 136.672 0
52.2981 16.5331 136.672 0
52.3192 16.5331 136.672 0
52.3396 16.5331 136.672 0
52.3584 16.5331 136.672 0
52.3792 16.5331 136.672 0
52.3991 16.5331 136.672 0
52.419 16.5331 136.672 0
52.4409 16.5331 136.672 0
52.459 16.5331 136.672 0
52.4791 16.5331 136.672 0
52.5001 16.5331 136.672 0
52.5189 16.5331 136.672 0
52.5391 16.5331 136.672 0
52.5578 16.5331 136.672 0
52.5787 16.5331 136.672 0
52.5979 16.5331 136.672 0
52.6191 16.5331 136.672 0
52.6392 16.5331 136.672 0
52.6585 16.5331 136.672 0
52.678 16.5331 136.672 0
52.6982 16.5331 136.672 0
52.7207 16.5331 136.672 0
52.7397 16.5331 136.672 0
52.7597 16.5331 136.672 0
52.7786 16.5331 136.672 0
52.799 16.5331 136.672 0
52.8189 16.5331 136.672 0
52.839 16.5331 136.672 0
52.8594 16.5331 136.672 0
52.8822 16.5331 136.672 0
52.8992 16.5331 136.672 0
52.9193 16.5331 136.672 0
52.9394 16.5331 136.672 0
52.9588 16.5331 136.672 0
52.9804 16.5331 136.672 0
52.9999 16.5331 136.672 0
53.0183 16.5331 136.672 0
53.039 16.5331 136.672 0
53.059 16.5331 136.672 0
53.0798 16.5331 136.672 0
53.0982 16.5331 136.672 0
53.119 16.5331 136.672 0
53.1406 16.5331 136.672 0
53.1609 16.5331 136.672 0
53.1789 16.5331 136.672 0
53.1992 16.5331 136.672 0
53.2189 16.5331 136.672 0
53.2397 16.5331 136.672 0
53.2602 16.5331 136.672 0
53.279 16.5331 136.672 0
53.2997 16.5331 136.672 0
53.3194 16.5331 136.672 0
53.3398 16.5331 136.672 0
53.3609 16.5331 136.672 0
53.3791 16.5331 136.672 0
53.3984 16.5331 136.672 0
53.4186 16.5331 136.672 0
53.4383 16.5331 136.672 0
53.4592 16.5331 136.672 0
53.4796 16.5331 136.672 0
53.4998 16.5331 136.672 0
53.5189 16.5331 136.672 0
53.5399 16.5331 136.672 0
53.5589 16.5331 136.672 0
53.5787 16.5331 136.672 0
53.5986 16.5331 136.672 0
53.6191 16.5331 136.672 0
53.6388 16.5331 136.672 0
53.6588 16.5331 136.672 0
53.6791 16.5331 136.672 0
53.6987 16.5331 136.672 0
53.7195 16.5331 136.672 0
53.7387 16.5331 136.672 0
53.7585 16.5331 136.672 0
53.7795 16.5331 136.672 0
53.7981 16.5331 136.672 0
53.8186 16.5331 136.672 0
53.8402 16.5331 136.672 0
53.8597 16.5331 136.672 0
53.88 16.5331 136.672 0
53.9001 16.5331 136.672 0
53.921 16.5331 136.672 0
53.9394 16.5331 136.672 0
53.9604 16.5331 136.672 0
53.9788 16.5331 136.672 0
53.9998 16.5331 136.672 0
54.0186 16.5331 136.672 0
54.0384 16.5331 136.672 0
54.0588 16.5331 136.672 0
54.0792 16.5331 136.672 0
54.0997 16.5331 136.672 0
54.1197 16.5331 136.672 0
54.139 16.5331 136.672 0
54.1612 16.5331 136.672 0
54.1796 16.5331 136.672 0
54.1997 16.5331 136.672 0
54.2185 16.5331 136.672 0
54.239 16.5331 136.672 0
54.2586 16.5331 136.672 0
54.2789 16.5331 136.672 0
54.2994 16.5331 136.672 0
54.3197 16.5331 136.672 0
54.3399 16.5331 136.672 0
54.3582 16.5331 136.672 0
54.3791 16.5331 136.672 0
54.3994 16.5331 136.672 0
54.4195 16.5331 136.672 0
54.4407 16.5331 136.672 0
54.4596 16.5331 136.672 0
54.4792 16.5331 136.672 0
54.4997 16.5331 136.672 0
54.5191 16.5331 136.672 0
54.5391 16.5331 136.672 0
54.5579 16.5331 136.672 0
54.5797 16.5331 136.672 0
54.5978 16.5331 136.672 0
54.6195 16.5331 136.672 0
54.6391 16.5331 136.672 0
54.66 16.5331 136.672 0
54.6795 16.5331 136.672 0
54.7001 16.5331 136.672 0
54.7197 16.5331 136.672 0
54.7384 16.5331 136.672 0
54.7585 16.5331 136.672 0
54.7791 16.5331 136.672 0
54.7995 16.5331 136.672 0
