0.243973 0 0 0 0 0 0
0.258657 0 0 0 0 0 0
0.274273 0 0 0 0 0 0
0.294403 0 0 0 0 0 0
0.314562 0 0 0 0 0 0
0.334784 0 0 0 0 0 0
0.354262 0 0 0 0 0 0
0.374737 0 0 0 0 0 0
0.394722 0 0 0 0 0 0
0.41431 0 0 0 0 0 0
0.434467 0 0 0 0 0 0
0.454202 0 0 0 0 0 0
0.474316 0 0 0 0 0 0
0.494017 0 0 0 0 0 0
0.514393 0 0 0 0 0 0
0.534691 0 0 0 0 0 0
0.554424 0 0 0 0 0 0
0.575021 0 0 0 0 0 0
0.594069 0 0 0 0 0 0
0.614534 0 0 0 0 0 0
0.634574 0 0 0 0 0 0
0.653805 0 0 0 0 0 0
0.674754 0 0 0 0 0 0
0.694813 0 0 0 0 0 0
0.714554 0 0 0 0 0 0
0.73474 0 0 0 0 0 0
0.754505 0 0 0 0 0 0
0.77538 0 0 0 0 0 0
0.794694 0 0 0 0 0 0
0.814566 0 0 0 0 0 0
0.834859 0 0 0 0 0 0
0.854661 0 0 0 0 0 0
0.873891 0 0 0 0 0 0
0.894872 0 0 0 0 0 0
0.914481 0 0 0 0 0 0
0.934286 0 0 0 0 0 0
0.954298 0 0 0 0 0 0
0.980071 0 0 0 0 0 0
0.999406 0 0 0 0 0 0
1.01594 0 0 0 0 0 0
1.03542 0 0 0 0 0 0
1.05532 0 0 0 0 0 0
1.07512 0 0 0 0 0 0
1.09549 0 0 0 0 0 0
1.11555 0 0 0 0 0 0
1.13512 0 0 0 0 0 0
1.15525 0 0 0 0 0 0
1.1758 0 0 0 0 0 0
1.19526 0 0 0 0 0 0
1.21516 0 0 0 0 0 0
1.23522 0 0 0 0 0 0
1.25541 0 0 0 0 0 0
1.27574 0 0 0 0 0 0
1.29563 0 0 0 0 0 0
1.31698 0 0 0 0 0 0
1.33599 0 0 0 0 0 0
1.35547 0 0 0 0 0 0
1.3747 0 0 0 0 0 0
1.39518 0 0 0 0 0 0
1.41601 0 0 0 0 0 0
1.43525 0 0 0 0 0 0
1.45555 0 0 0 0 0 0
1.47559 0 0 0 0 0 0
1.49533 0 0 0 0 0 0
1.51585 0 0 0 0 0 0
1.53514 0 0 0 0 0 0
1.55489 0 0 0 0 0 0
1.57518 0 0 0 0 0 0
1.59535 0 0 0 0 0 0
1.61621 0 0 0 0 0 0
1.63528 0 0 0 0 0 0
1.65526 0 0 0 0 0 0
1.67545 0 0 0 0 0 0
1.6951 0 0 0 0 0 0
1.71503 0 0 0 0 0 0
1.7355 0 0 0 0 0 0
1.75535 0 0 0 0 0 0
1.77478 0 0 0 0 0 0
1.79551 0 0 0 0 0 0
1.8157 0 0 0 0 0 0
1.83537 0 0 0 0 0 0
1.85577 0 0 0 0 0 0
1.87498 0 0 0 0 0 0
1.89459 0 0 0 0 0 0
1.91507 0 0 0 0 0 0
1.93589 0 0 0 0 0 0
1.95561 0 0 0 0 0 0
1.97563 0 0 0 0 0 0
1.99624 0 0 0 0 0 0
2.01485 0 0 0 0 0 0
2.03518 0 0 0 0 0 0
2.0554 0 0 0 0 0 0
2.07535 0 0 0 0 0 0
2.09567 0 0 0 0 0 0
2.1156 0 0 0 0 0 0
2.13556 0 0 0 0 0 0
2.15523 0 0 0 0 0 0
2.17553 0 0 0 0 0 0
2.19514 0 0 0 0 0 0
2.21499 0 0 0 0 0 0
2.2345 0 0 0 0 0 0
2.2548 0 0 0 0 0 0
2.27582 0 0 0 -0.0147003 0 0
2.29533 0 0 0.300929 -0.0333802 -0.0157569 0
2.31529 0 0 0.694038 -0.0560968 -0.0341689 0
2.33603 0 0 1.1296 -0.0814593 -0.0560082 -0.013953
2.36215 -0.276942 0 1.64912 -0.111343 -0.0800098 -0.0283021
2.38151 -0.568334 0 2.19334 -0.142527 -0.105644 -0.0432212
2.40049 -0.891443 0 2.86472 -0.181192 -0.135124 -0.0575693
2.42133 -1.14642 0 3.56617 -0.220942 -0.166638 -0.0710821
2.44169 -1.37889 0 4.26926 -0.259492 -0.196288 -0.0826662
2.46173 -1.61052 0 4.94846 -0.296144 -0.224381 -0.0910924
2.4812 -1.85926 0 5.62287 -0.330397 -0.250443 -0.0848749
2.50142 -2.08102 0 6.31804 -0.366292 -0.277439 -0.0790818
2.52188 -2.23664 0 7.02578 -0.404148 -0.305753 -0.0736841
2.5423 -2.40351 0 7.73687 -0.439969 -0.33116 -0.0686548
2.56206 -2.54895 0 8.38843 -0.473317 -0.355194 -0.0639688
2.58192 -2.65615 0 8.98638 -0.505256 -0.377243 -0.0596026
2.60264 -2.47486 0 9.5386 -0.533653 -0.396721 -0.0555344
2.62123 -2.30594 0 10.0312 -0.560367 -0.414398 -0.0517439
2.64055 -2.14855 0 10.4177 -0.580259 -0.42451 -0.0482122
2.66014 -2.0019 0 10.6458 -0.591505 -0.425335 -0.0449215
2.68142 -1.86526 0 10.712 -0.593358 -0.416274 -0.0418553
2.701 -1.73794 0 10.6199 -0.585706 -0.387861 -0.0389985
2.72094 -1.61932 0 10.4788 -0.573172 -0.361388 -0.0363367
2.74111 -1.50879 0 10.3212 -0.555343 -0.336722 -0.0338565
2.76126 -1.12142 0 10.1469 -0.531479 -0.313739 -0.0315456
2.78075 -0.680924 0 9.88949 -0.495203 -0.292324 -0.0293925
2.80059 -0.234644 -0.289611 9.53082 -0.461403 -0.2578 -0.0273863
2.82055 0.21456 -0.565862 8.8803 -0.42991 -0.225408 -0.0255171
2.84053 0.591833 -0.840977 8.27417 -0.400567 -0.195091 -0.0237754
2.8605 0.935222 -0.783576 7.70942 -0.373226 -0.166655 -0.0221526
2.87995 1.25303 -1.0101 7.18321 -0.347751 -0.138615 -0.0206406
2.90022 1.55835 -1.2778 6.69293 -0.324016 -0.11058 -0.0192318
2.92091 1.85105 -1.52772 6.2361 -0.286607 -0.0851985 -0.0179191
2.94158 2.07482 -1.76175 5.81046 -0.248192 -0.0586387 -0.016696
2.9611 2.32407 -1.97264 5.41386 -0.208349 -0.0304234 -0.0155565
2.98069 2.57912 -2.1482 4.74049 -0.167356 -0.000666555 -0.0144947
3.00097 2.74161 -2.00158 4.03347 -0.127033 0.0287042 -0.0135053
3.02115 2.87746 -1.86496 3.37308 -0.0896269 0.0539593 -0.0125835
3.04336 2.68106 -1.73767 2.81502 -0.0611452 0.0737326 -0.0117246
3.06039 2.49806 -1.61906 2.33744 -0.0381079 0.0885837 -0.0109244
3.08155 2.6148 -1.50856 1.88662 -0.0173652 0.100521 -0.0101787
3.10082 2.43633 -1.40559 1.75785 -0.000820299 0.107433 -0.00948398
3.12097 2.27004 -1.30965 1.63787 0.0141256 0.1001 -0.00883666
3.14187 2.1151 -1.22026 1.52608 0.0283421 0.093268 -0.00823351
3.16335 1.97073 -1.13697 1.42191 0.041253 0.086902 -0.00767153
3.18097 1.83622 -1.05937 1.32486 0.0531334 0.0809705 -0.00714791
3.20114 1.71089 -0.987061 0.928541 0.0667277 0.0898666 -0.00666003
3.2216 1.59411 -0.91969 0.486037 0.0809139 0.10008 -0.00620546
3.24118 1.48531 -0.856916 0.0881893 0.0945762 0.110971 -0.0057819
3.25992 1.38393 -0.798428 -0.247796 0.107082 0.120752 -0.00538726
3.27972 1.28947 -0.743931 -0.566104 0.116755 0.127729 -0.00501955
3.29992 1.20145 -0.693154 -0.909342 0.127147 0.135697 -0.00467694
3.31978 1.11945 -0.645843 -1.224 0.137119 0.143219 -0.00435772
3.34019 1.04304 -0.601761 -1.46647 0.144099 0.133443 -0.00406028
3.35997 0.971849 -0.560688 -1.69502 0.151817 0.139943 -0.00378315
3.38102 0.905515 -0.522418 -1.9217 0.160028 0.147001 -0.00352493
3.40048 0.843709 -0.486761 -2.18098 0.170017 0.155029 -0.00328434
3.42158 0.786122 -0.453537 -2.44291 0.17915 0.163709 -0.00306017
3.44083 0.732465 -0.422581 -2.72958 0.186825 0.17398 -0.00285129
3.46129 0.682471 -0.393738 -2.98874 0.194337 0.181819 -0.00265668
3.48007 0.635889 -0.366863 -3.2363 0.19889 0.185241 -0.00247535
3.5011 0.592487 -0.341823 -3.48295 0.204136 0.188812 -0.00230639
3.52145 0.552047 -0.318492 -3.68988 0.208765 0.190519 -0.00214897
3.54186 0.514367 -0.296753 -3.85575 0.212259 0.191931 -0.00200229
3.56077 0.479259 -0.276498 -3.95718 0.214274 0.17883 -0.00186563
3.58198 0.446547 -0.257626 -4.05499 0.215481 0.166624 -0.00173829
3.60128 0.416068 -0.240042 -4.11562 0.200774 0.155251 -0.00161964
3.62215 0.387669 -0.223658 -4.19221 0.201548 0.144655 -0.00150909
3.64033 0.361209 -0.208392 -4.2573 0.202449 0.148599 -0.00140609
3.66223 0.336555 -0.194168 -4.27669 0.188631 0.138456 -0.00131012
3.68005 0.313583 -0.180915 -3.98478 0.175756 0.129006 -0.0012207
3.70247 0.29218 -0.168567 -3.7128 0.16376 0.120201 -0.00113738
3.7229 0.272237 -0.157061 -3.45938 0.152582 0.111996 -0.00105975
3.74125 0.253655 -0.146341 -3.22326 0.142168 0.104352 -0.000987414
3.76 0.236342 -0.136353 -3.00326 0.132464 0.0972295 -0.000920018
3.78062 0.220211 -0.127046 -2.79827 0.123423 0.0905931 -0.000857222
3.8011 0.20518 -0.118375 -2.60728 0.114999 0.0844097 -0.000798713
3.82115 0.191176 -0.110295 -2.42932 0.107149 0.0786483 -0.000744197
3.84114 0.178127 -0.102767 -2.26351 0.0998359 0.0732802 -0.000693402
3.86124 0.165969 -0.0957524 -2.10901 0.0930216 0.0682785 -0.000646074
3.88207 0.154641 -0.0892168 -2.2456 0.0866725 0.0636181 0.0203352
3.90172 0.52375 0.257013 -2.44143 0.0807566 0.0788712 0.0489309
3.9208 1.02838 0.631865 -2.71071 0.0752446 0.0982791 0.0825967
3.94178 1.54379 0.988705 -2.94742 0.0701088 0.116998 0.116318
3.96117 2.03215 1.31287 -3.22253 0.0653235 0.1364 0.148891
3.98117 2.47299 1.57096 -3.48914 0.0608649 0.154619 0.178253
4.00127 2.93098 1.81033 -3.77775 0.0567106 0.173104 0.206475
4.02201 3.33574 2.07103 -4.03801 0.0528398 0.192141 0.233259
4.04164 3.75915 2.33765 -4.30896 0.0492332 0.21138 0.259596
4.06258 4.17794 2.55874 -4.57507 0.0458728 0.230817 0.281305
4.08222 4.51337 2.73397 -4.77977 0.0427418 0.248858 0.293257
4.10236 4.79466 2.91263 -5.02587 0.0538745 0.265737 0.302731
4.11805 5.06622 3.08913 -5.27795 0.0643277 0.28189 0.310939
4.1379 5.25419 3.18719 -5.54879 0.0756576 0.297958 0.315574
4.15774 5.46251 3.3242 -5.84891 0.0879715 0.313512 0.320132
4.1778 5.67829 3.44273 -6.15914 0.0969508 0.33054 0.326963
4.19771 5.87828 3.59009 -6.38409 0.0903334 0.346203 0.333897
4.21803 6.03673 3.77176 -6.47535 0.0841677 0.354827 0.338711
4.23755 6.03613 3.94094 -6.46908 0.0784228 0.356834 0.336479
4.25744 6.00252 4.12875 -6.41568 0.0730701 0.354338 0.332559
4.27882 6.004 4.34625 -6.36038 0.0680827 0.353692 0.333198
4.29793 6.11993 4.5509 -6.30741 0.0634357 0.356225 0.339553
4.31815 6.25343 4.81964 -6.23641 0.0591059 0.361879 0.35052
4.33921 6.34477 5.11584 -5.81074 0.0413239 0.364228 0.361561
4.35683 6.33485 5.40492 -5.41413 0.0203743 0.362039 0.369608
4.37657 6.2281 5.65196 -5.04459 -0.0016861 0.352821 0.370903
4.39742 6.10548 5.84685 -4.70027 -0.0236742 0.32874 0.368738
4.41793 6.04356 6.0085 -4.37946 -0.0431045 0.306302 0.36867
4.43835 6.00995 6.18135 -4.08054 -0.059937 0.301765 0.372018
4.45735 6.03175 6.33928 -3.80202 -0.0752066 0.301543 0.378191
4.47844 6.06242 6.43989 -3.54251 -0.0914754 0.300289 0.383562
4.49773 6.06531 6.53962 -3.30072 -0.107462 0.298126 0.387355
4.51791 6.05356 6.65568 -3.07543 -0.123794 0.295178 0.390758
4.53809 6.03756 6.79488 -2.86552 -0.140838 0.293243 0.396348
4.5578 6.05814 6.99303 -2.66993 -0.160479 0.292534 0.40644
4.57768 6.11422 7.22531 -2.4877 -0.181065 0.291288 0.417664
4.59733 6.16756 7.41576 -2.3179 -0.201233 0.289024 0.428105
4.61738 6.14704 7.5954 -2.15969 -0.220276 0.285149 0.43615
4.63796 6.13819 7.77269 -1.73516 -0.239392 0.265687 0.442672
4.65733 6.0704 7.96979 -1.29274 -0.25884 0.247552 0.447407
4.67716 6.03075 8.14935 -0.859229 -0.280287 0.230656 0.453998
4.69761 5.9591 8.28491 -0.459904 -0.300713 0.214912 0.458563
4.71773 5.86103 8.4144 -0.0811139 -0.31961 0.200243 0.460395
4.73771 5.78991 8.56459 0.254935 -0.336702 0.186576 0.463666
4.75834 5.74258 8.72085 0.590875 -0.353672 0.173841 0.470017
4.77837 5.73293 8.89569 0.960251 -0.370885 0.161976 0.478987
4.79828 5.7089 9.05289 1.30734 -0.386652 0.15092 0.486668
4.81835 5.75009 9.15491 1.62455 -0.397883 0.156974 0.495479
4.83829 5.77178 9.20424 1.85617 -0.407269 0.164097 0.502753
4.85829 5.81363 9.27103 2.09204 -0.41542 0.169766 0.510241
4.87837 5.82403 9.31477 2.30186 -0.424329 0.173068 0.516341
4.89842 5.84399 9.38357 2.48757 -0.429929 0.176508 0.521142
4.9181 5.88106 9.38223 2.64186 -0.435216 0.179049 0.525039
4.93799 5.92551 9.31944 2.76974 -0.436734 0.181312 0.527459
4.95769 5.91559 9.26224 2.88996 -0.437066 0.168937 0.526827
4.97747 5.8749 9.168 3.00076 -0.436864 0.157406 0.526175
4.99796 5.8557 9.04533 3.08966 -0.433199 0.16082 0.525011
5.01711 5.82288 8.91199 2.87878 -0.425858 0.164493 0.521753
5.03805 5.72208 8.67012 2.68229 -0.416819 0.167345 0.513513
5.05806 5.63736 8.46031 2.49921 -0.405691 0.155922 0.503973
5.07774 5.64662 8.26554 2.32863 -0.378001 0.162197 0.499548
5.09808 5.76839 8.01844 2.16969 -0.3522 0.171526 0.498612
5.11837 5.88167 7.7649 2.02159 -0.328161 0.184691 0.499173
5.13757 6.01302 7.23491 1.88361 -0.305762 0.196575 0.498155
5.158 6.13474 6.74109 1.75504 -0.284893 0.205565 0.493834
5.17794 6.20638 6.28098 1.63525 -0.265447 0.213467 0.486612
5.19919 6.29745 5.85227 1.52364 -0.247329 0.219925 0.479075
5.21735 6.33639 5.45283 1.41964 -0.230448 0.224499 0.469406
5.23717 6.37302 5.08065 1.32275 -0.214719 0.226513 0.456043
5.25782 6.42268 4.73387 1.23246 -0.200063 0.228045 0.442003
5.27836 6.4213 4.41076 1.14834 -0.186408 0.232173 0.430143
5.29723 6.42021 4.1097 1.06996 -0.173685 0.233035 0.417159
5.31734 6.308 3.82919 0.996932 -0.16183 0.217129 0.388686
5.33789 5.87745 3.56783 0.928886 -0.150784 0.202309 0.362156
5.3574 5.47629 3.32431 0.865485 -0.140492 0.188501 0.337437
5.37784 5.1025 3.09741 0.806412 -0.130903 0.175635 0.314405
5.39723 4.75423 2.886 1.06504 -0.121968 0.163647 0.27885
5.41843 4.42973 2.68901 1.36659 -0.113643 0.152477 0.259817
5.43792 4.12738 2.50548 1.67514 -0.105887 0.14207 0.242083
5.45786 3.84567 2.33447 1.98688 -0.0986594 0.132373 0.211068
5.47725 3.58318 2.17513 2.27558 -0.0919254 0.123338 0.18169
5.49802 3.33861 2.02666 2.52677 -0.085651 0.114919 0.169289
5.51839 3.11074 1.88833 2.81618 -0.0798049 0.107075 0.157734
5.53777 2.89841 1.75945 3.06716 -0.0743579 0.099767 0.146968
5.55775 2.70058 1.63936 3.31139 -0.0692826 0.0929575 0.136937
5.57784 2.51625 1.52746 3.56621 -0.0645537 0.0866127 0.111852
5.59849 2.34451 1.4232 3.84449 -0.074849 0.0807009 0.085779
5.61796 2.18448 1.32606 4.1301 -0.087744 0.0751927 0.0622104
5.63817 2.03538 1.23555 4.42457 -0.101335 0.0700604 0.0432336
5.65806 1.89646 1.15122 4.66561 -0.113678 0.0652785 0.0402827
5.67733 1.76702 1.07264 4.85081 -0.124698 0.0608229 0.0375332
5.69767 1.64641 0.999431 4.99668 -0.132453 0.0566714 0.0349714
5.71766 1.53403 0.931215 5.11758 -0.138817 0.0528033 0.0325844
5.73801 1.42933 0.867655 5.26154 -0.144316 0.0491992 0.0303604
5.76009 1.33177 0.808434 5.4011 -0.134465 0.0458412 0.0282881
5.7774 1.24087 0.753254 5.49827 -0.125287 0.0427123 0.0263573
5.79784 1.15617 0.701841 5.56812 -0.116736 0.039797 0.0245583
5.81817 1.07726 0.653937 5.6207 -0.108768 0.0370806 0.0228821
5.8383 1.00373 0.609303 5.62676 -0.101344 0.0345497 0.0213203
5.85752 0.935222 0.567715 5.55548 -0.0944269 0.0321915 0.0198651
5.87725 0.871388 0.528965 5.1763 -0.0879818 0.0299943 0.0185092
5.8975 0.811912 0.492861 4.82299 -0.0819766 0.027947 0.0172458
5.91773 0.756495 0.459221 4.77957 -0.0763813 0.0260395 0.0160687
5.9387 0.70486 0.427877 4.75498 -0.0711679 0.0242622 0.0149719
5.95804 0.65675 0.398672 4.43043 -0.0663104 0.0226062 0.01395
5.97774 0.611924 0.371461 4.40793 -0.0617844 0.0210632 0.0129979
5.9975 0.570157 0.346107 4.43374 -0.0575673 0.0196255 0.0121107
6.01768 0.531241 0.322483 4.45153 -0.053638 0.018286 0.0112841
6.03796 0.494981 0.300472 4.14769 -0.049977 0.0170379 0.0105139
6.05717 0.461196 0.279964 3.86459 -0.0465658 0.015875 0.00979628
6.07719 0.429717 0.260855 3.60081 -0.0433875 0.0147914 0.00912763
6.09718 0.400387 0.24305 3.35504 -0.0404261 0.0137818 0.00850463
6.11868 0.373059 0.226461 3.12604 -0.0376668 0.027118 0.00792415
6.13798 0.653468 0.211004 2.91267 -0.0350959 0.0394277 0.0219565
6.15745 0.936409 0.196602 2.71387 -0.0327004 0.0506706 0.0342606
6.17802 1.22761 0.183183 2.52863 -0.0304684 0.0624827 0.047376
6.19718 1.42728 0.17068 2.35604 -0.0283888 0.0727352 0.0583491
6.21767 1.32986 0.15903 2.19523 -0.0264511 0.0677707 0.0543664
6.23805 1.2391 0.148175 2.0454 -0.0246457 0.063145 0.0506557
6.25763 1.15452 0.138062 1.90579 -0.0229635 0.0588351 0.0471982
6.27769 1.36719 0.128638 1.77571 -0.0213962 0.0548193 0.0439767
6.29756 1.61907 0.119858 1.65451 -0.0199358 0.0510776 0.0567843
6.31781 1.89137 0.111677 1.54158 -0.0185751 0.0639426 0.0710442
6.33767 2.18718 0.104055 1.43636 -0.0173072 0.07756 0.086152
6.35731 2.47446 0.0969524 1.33832 -0.0161259 0.0916643 0.101552
6.37764 2.73944 0.0903349 1.24697 -0.0150252 0.106772 0.117624
6.39797 2.96517 0.0841691 1.16186 -0.0139997 0.118625 0.131765
6.4188 3.13392 0.0784242 1.37648 -0.0130441 0.124357 0.141004
6.43905 3.24136 0.0730713 1.66747 -0.0313514 0.115869 0.145537
6.45941 3.02012 0.0680839 2.00481 -0.0516774 0.10796 0.135604
6.47763 3.10836 0.0634368 2.34563 -0.0700133 0.100591 0.141497
6.49827 3.18467 0.0591069 2.58325 -0.0851913 0.0937256 0.148664
6.51747 3.3565 0.0550726 2.79688 -0.0985384 0.0873284 0.157041
6.53727 3.47548 0.0513136 2.98463 -0.109881 0.0813678 0.162366
6.55757 3.51805 0.0478112 3.22073 -0.122652 0.075814 0.151284
6.57754 3.27793 0.0445479 3.50474 -0.136869 0.0706394 0.140958
6.59732 3.34278 0.0415073 3.77666 -0.150505 0.0658179 0.131337
6.61786 3.11462 0.0386742 3.98191 -0.160548 0.0613255 0.122372
6.63767 2.90203 0.0360345 4.13928 -0.169613 0.0571397 0.11402
6.65707 2.97753 0.033575 4.31844 -0.179813 0.0532397 0.106237
6.67678 2.7743 0.0312833 4.47627 -0.189693 0.0496058 0.0989862
6.69669 2.58494 0.0291481 4.66291 -0.199004 0.04622 0.0922299
6.71778 2.4085 0.0271586 4.79424 -0.208455 0.0430652 0.0859348
6.73771 2.51966 0.0253049 4.90107 -0.215642 0.0401258 0.0800693
6.75808 2.66224 0.0235777 4.96424 -0.220809 0.037387 0.0746042
6.77818 2.48053 0.0219684 4.98596 -0.225783 0.0348352 0.0695121
6.79775 2.31122 0.0204689 5.05135 -0.233105 0.0324575 0.0647675
6.81802 2.15347 0.0190718 5.10812 -0.240991 0.0302421 0.0603468
6.83785 2.00649 0.0177701 5.17168 -0.244932 0.028178 0.0562279
6.85787 2.14747 0.0165572 5.20542 -0.247635 0.0262547 0.0523901
6.87742 2.0009 0.0154271 5.29199 -0.25332 0.0244627 0.0488142
6.89759 1.86433 0.0143741 5.40571 -0.259261 0.022793 0.0454824
6.91702 1.73708 0.013393 5.49648 -0.264682 0.0212372 0.042378
6.93777 1.61851 0.0124789 5.5093 -0.268331 0.0197877 0.0394855
6.95756 1.50804 0.0116271 5.462 -0.269994 0.0184371 0.0367904
6.97771 1.71995 0.0108335 5.398 -0.269094 0.0171787 0.0342793
6.99825 1.89832 0.0100941 5.3273 -0.268099 0.0160061 0.0319396
7.018 1.76875 0.00940511 5.28239 -0.268676 0.0149136 0.0297595
7.03775 1.64803 0.00876317 5.25374 -0.2716 0.0138957 0.0277283
7.05778 1.53554 0.00816504 5.28988 -0.276171 0.0129473 0.0258357
7.07795 1.43073 0.00760774 5.36938 -0.280509 0.0120636 0.0240723
7.09738 1.33308 0.00708847 5.46657 -0.286907 0.0112402 0.0224292
7.11806 1.24209 0.00660465 5.57535 -0.294063 0.010473 0.0208983
7.13782 1.15731 0.00615385 5.68064 -0.300784 0.00975813 0.0194719
7.15806 1.07832 0.00573382 5.7996 -0.306949 0.00909209 0.0181429
7.17791 1.00472 0.00534246 5.88888 -0.314065 -0.00597434 0.0169045
7.19784 0.936141 0.00497781 5.96334 -0.321577 -0.0234144 0.0157507
7.21761 0.872244 0.00463805 6.05259 -0.328836 -0.0409283 0.000210716
7.23763 0.81271 0.00432148 6.11466 -0.335403 -0.057787 -0.0171547
7.25772 0.757238 0.00402652 6.16728 -0.342665 -0.0731498 -0.0332485
7.27744 0.705553 0.00375169 6.204 -0.349872 -0.0892734 -0.0485108
7.29966 0.657396 0.00349562 6.15843 -0.35282 -0.100771 -0.0607635
7.31807 0.612525 0.00325703 6.12182 -0.355657 -0.109648 -0.0714086
7.33822 0.570717 0.00303472 6.06438 -0.357245 -0.116223 -0.0665346
7.35757 0.531763 0.00282758 5.96691 -0.356617 -0.10829 -0.0619933
7.37809 0.495468 0.00263459 5.8959 -0.357042 -0.100898 -0.057762
7.398 0.46165 0.00245476 5.85186 -0.357332 -0.107745 -0.0678089
7.41798 0.43014 0.00228721 5.79927 -0.357484 -0.115927 -0.0776363
7.43742 0.400781 0.0021311 5.77838 -0.35742 -0.125086 -0.0723373
7.45717 0.373425 0.00198564 5.72751 -0.356826 -0.132341 -0.0673999
7.47781 0.347937 0.00185011 5.67993 -0.355266 -0.137651 -0.0627995
7.49753 0.324189 0.00172383 5.59324 -0.353139 -0.128256 -0.0585132
7.51726 0.302061 0.00160617 5.4948 -0.34899 -0.119502 -0.0545193
7.53768 0.281444 0.00149654 5.41746 -0.347059 -0.111345 -0.0507981
7.5577 0.262234 0.0013944 5.33607 -0.344104 -0.118141 -0.0473309
7.57791 0.244336 0.00129922 5.29531 -0.3428 -0.125123 -0.0441004
7.59768 0.227658 0.00121055 5.29831 -0.345533 -0.13599 -0.0410903
7.61792 0.21212 0.00112792 5.32375 -0.351981 -0.148724 -0.0382857
7.63774 -0.103759 0.00105093 5.38892 -0.360936 -0.162679 -0.0356725
7.65729 -0.415279 0.000979202 5.45196 -0.368291 -0.174259 -0.0332377
7.67779 -0.707271 0.285383 5.57271 -0.377081 -0.186904 -0.030969
7.69737 -0.946399 0.265904 5.62539 -0.383055 -0.197662 -0.0288553
7.71742 -1.18536 0.549363 5.79379 -0.392547 -0.208658 -0.0268857
7.73781 -1.46246 0.81369 5.97491 -0.404098 -0.223394 -0.0250507
7.75764 -1.79209 1.07647 6.25252 -0.418654 -0.242415 -0.0392279
7.7776 -2.1625 1.30551 6.55189 -0.433889 -0.260301 -0.0548845
7.79738 -2.46644 1.51254 6.84694 -0.446545 -0.276966 -0.0695283
7.81837 -2.68928 1.40931 7.1369 -0.455596 -0.287378 -0.0811867
7.83798 -2.84999 1.31311 7.3421 -0.459187 -0.292179 -0.0756453
7.85902 -2.95548 1.22349 7.46818 -0.460624 -0.292279 -0.0704822
7.87738 -3.1267 1.13998 7.53155 -0.46046 -0.291502 -0.0656714
7.89744 -3.26747 1.06217 7.59136 -0.461057 -0.292005 -0.0754529
7.91678 -3.34249 0.989671 7.63336 -0.459098 -0.290399 -0.0703029
7.93746 -3.11435 0.922121 7.65283 -0.454004 -0.270578 -0.0655044
7.95732 -2.90178 0.859182 7.61096 -0.44547 -0.25211 -0.0610334
7.97733 -2.70372 0.800539 7.52383 -0.435243 -0.234902 -0.0568676
7.99782 -2.51918 0.745898 7.42744 -0.422352 -0.218869 -0.0529861
8.01734 -2.34723 0.694987 7.32975 -0.393524 -0.20393 -0.0493695
8.03818 -2.18702 0.647551 7.24048 -0.381419 -0.190011 -0.0459998
8.05754 -2.03774 0.603352 7.13908 -0.355385 -0.177042 -0.0428601
8.07794 -1.89866 0.56217 7.03377 -0.331128 -0.164958 -0.0399347
8.09786 -1.76907 0.523799 6.91451 -0.308527 -0.153699 -0.0372089
8.11747 -1.64832 0.488048 6.80951 -0.287469 -0.143208 -0.0346693
8.13762 -1.53581 0.454736 6.67245 -0.267848 -0.133433 -0.0323029
8.1576 -1.43099 0.423698 6.50048 -0.249566 -0.124326 -0.0300981
8.17776 -1.33331 0.394779 6.35542 -0.232532 -0.11584 -0.0280437
8.19793 -1.24231 0.367833 6.26167 -0.21666 -0.107933 -0.0261296
8.21872 -1.15752 0.342727 6.23136 -0.201872 -0.100566 -0.0243461
8.23771 -1.35847 0.319334 6.23701 -0.188093 -0.0937022 -0.0226844
8.25731 -1.5507 0.297538 6.27103 -0.175255 -0.0873066 -0.0211361
8.27874 -1.80387 0.277229 6.38116 -0.163293 -0.0813475 -0.0359446
8.29744 -2.06272 0.258307 6.41626 -0.152148 -0.0757951 -0.0482537
8.31801 -1.92193 0.240676 6.42951 -0.141763 -0.0706218 -0.0449601
8.33773 -2.07429 0.224249 6.40475 -0.132087 -0.0658015 -0.0418914
8.35848 -2.24448 0.208943 6.35115 -0.123071 -0.0613102 -0.0390321
8.37743 -2.42133 0.194682 6.31046 -0.114671 -0.0571255 -0.036368
8.39789 -2.59289 0.181394 6.24236 -0.106844 -0.0532264 -0.0338857
8.41775 -2.777 0.169013 6.1764 -0.0995515 -0.0495934 -0.0456
8.438 -2.96858 0.157477 6.11749 -0.0927566 -0.0462084 -0.0424876
8.45918 -3.07775 0.146728 6.07833 -0.0864255 -0.0430545 -0.0395876
8.47808 -3.1865 0.136713 5.97142 -0.0805265 -0.0401158 -0.0368856
8.49799 -3.26025 0.127382 5.93009 -0.0750302 -0.0373777 -0.034368
8.51744 -3.37388 0.118687 5.83971 -0.069909 -0.0348265 -0.0320222
8.53748 -3.1436 0.110586 5.76878 -0.0651374 -0.0165272 -0.0298365
8.55718 -3.20377 0.103038 5.37503 -0.0433369 0.0069114 -0.0278
8.57677 -2.9851 0.0960056 5.00816 -0.0216387 0.0298839 -0.0259025
8.59736 -2.78135 0.0894527 4.66633 -0.00214217 0.0529204 -0.0241346
8.61867 -2.8731 0.0833471 4.67972 0.0171632 0.0779709 -0.0224873
8.63747 -2.67699 0.0776583 4.63772 0.0398471 0.104358 -0.0209524
8.65775 -2.49428 0.0723577 4.32117 0.0652669 0.132686 -0.0195223
8.67683 -2.32403 0.067419 4.02623 0.0949734 0.163599 -0.0181898
8.69773 -2.1654 0.0628173 3.75142 0.124228 0.196392 -0.0169483
8.71769 -2.0176 0.0585297 3.49537 0.153626 0.225143 -0.0157915
8.73901 -1.87989 0.0545348 3.25679 0.180825 0.253208 -0.0147136
8.75766 -1.75158 0.0508125 3.0345 0.208988 0.281641 -0.0137093
8.77843 -1.63203 0.0473443 2.82738 0.238891 0.311482 -0.0127736
8.7974 -1.52063 0.0441128 2.6344 0.269556 0.343161 -0.0119017
8.81819 -1.41684 0.0411019 2.45459 0.297702 0.372107 -0.0110894
8.83733 -1.32014 0.0382965 2.28705 0.320317 0.39384 -0.0103325
8.85784 -1.23003 0.0356826 2.13095 0.341069 0.413166 -0.00962725
8.87802 -1.14607 0.0332471 1.9855 0.362415 0.436205 -0.00897014
8.89757 -1.06785 0.0309778 1.84998 0.386056 0.460657 -0.00835789
8.91767 -0.994964 0.0288634 1.72371 0.409926 0.486295 -0.00778742
8.93722 -0.927053 -0.264632 1.60606 0.431434 0.507601 -0.00725589
8.95772 -0.863777 -0.548516 1.49644 0.450062 0.52684 -0.00676064
8.97801 -0.80482 -0.855325 1.3943 0.468367 0.544805 -0.00629919
8.99702 -0.749887 -1.13512 1.29913 0.486484 0.563715 -0.00586924
9.01785 -0.698704 -1.34717 1.21046 0.503729 0.584323 -0.00546864
9.03811 -0.651014 -1.56532 1.12784 0.521116 0.605094 -0.00509538
9.05857 -0.606579 -1.77632 1.05086 0.534202 0.623104 -0.00474759
9.07781 -0.565177 -2.01309 0.979132 0.541887 0.636136 -0.00442355
9.0979 -0.526601 -2.28821 0.912301 0.550836 0.649622 -0.00412162
9.11794 -0.490658 -2.52451 0.850032 0.558665 0.660695 -0.0038403
9.13761 -0.155203 -2.75282 0.792014 0.565505 0.672134 -0.00357818
9.15831 -0.14461 -3.00146 0.737955 0.572396 0.685168 -0.00333395
9.17775 -0.134739 -3.29863 0.687586 0.576058 0.694855 -0.00310639
9.19748 -0.125543 -3.53933 0.937311 0.57715 0.700696 -0.00289437
9.21763 0.15653 -3.74706 1.17761 0.576464 0.704812 -0.00269681
9.23717 0.50594 -3.87464 1.09723 0.579921 0.713266 0.0118612
9.2591 0.929611 -4.01247 1.02234 0.588331 0.731806 0.0327944
9.27769 1.36487 -4.13824 0.952562 0.600904 0.75514 0.055095
9.29929 1.7527 -4.33557 0.887545 0.617126 0.780275 0.0744988
9.31801 2.17021 -4.51578 0.826966 0.631344 0.803186 0.0935707
9.33769 2.47363 -4.6858 0.770522 0.642298 0.817284 0.10654
9.35737 2.64856 -4.82038 0.71793 0.646376 0.823344 0.0992678
9.37759 2.81516 -4.94504 0.668928 0.648258 0.824665 0.0924923
9.39681 2.92577 -5.03766 0.62327 0.651428 0.825676 0.0861793
9.41748 3.05606 -5.08515 0.580729 0.656411 0.826542 0.0802971
9.43754 3.21697 -5.15361 0.541091 0.661284 0.831085 0.0748165
9.45745 3.41689 -5.16881 0.504159 0.667835 0.838593 0.0697099
9.47742 3.54047 -5.17029 0.469748 0.673198 0.845209 0.0649518
9.49733 3.66217 -5.18711 0.437685 0.675017 0.845522 0.0605186
9.51828 3.72425 -5.15015 0.407811 0.674428 0.841776 0.0563879
9.53768 3.79346 -5.12819 0.379976 0.671914 0.837936 0.0525391
9.55726 3.53454 -4.77817 0.0716689 0.673294 0.837029 0.0489531
9.57795 3.61092 -4.45203 -0.253345 0.673708 0.835524 0.0456118
9.5983 3.6945 -4.14816 -0.546852 0.675141 0.833252 0.0424986
9.6177 3.7394 -3.86503 -0.817947 0.674475 0.829279 0.0395978
9.63778 3.48417 -3.60122 -1.05599 0.673372 0.822121 0.0368951
9.65763 3.24635 -3.35542 -0.983914 0.668209 0.81321 0.0343768
9.67684 3.02477 -3.1264 -0.916757 0.665076 0.80766 0.0320304
9.69718 2.81832 -2.913 -0.854184 0.668332 0.807627 0.0298442
9.718 2.90157 -2.71418 -0.795882 0.677792 0.814608 0.0278072
9.73785 2.70352 -2.52892 -0.741559 0.690485 0.827883 0.0259092
9.75863 2.51899 -2.35631 -0.690944 0.705157 0.840989 0.0241408
9.77744 2.34706 -2.19548 -0.643784 0.723105 0.85452 0.0224931
9.79787 2.18686 -2.34656 -0.599842 0.742201 0.870589 0.0209578
9.81843 2.0376 -2.48628 -0.5589 0.759413 0.885705 0.0195273
9.8385 1.89852 -2.59833 -0.520752 0.773916 0.899662 0.0181945
9.85939 1.76894 -2.42098 -0.485209 0.78516 0.911006 0.0169526
9.87744 1.6482 -2.25573 -0.452091 0.795928 0.923238 0.0157955
9.89701 1.5357 -2.10177 -0.421233 0.807168 0.937723 0.0147174
9.91703 1.43088 -1.95831 -0.392482 0.821049 0.954748 0.0137129
9.93716 1.33322 -1.82465 -0.365693 0.832644 0.969249 0.0127769
9.95715 1.24222 -1.70011 -0.340733 0.840573 0.979544 0.0119048
9.97726 1.15743 -1.58407 -0.317476 0.847997 0.990812 0.0110923
9.99738 1.07843 -1.47595 -0.295807 0.857498 1.00381 0.0103352
10.0174 1.00482 -1.37521 -0.275617 0.866063 1.0162 0.00962973
10.0382 0.936239 -1.28134 -0.256805 0.87242 1.02346 0.00897245
10.0578 0.872336 -1.19388 -0.239276 0.88011 1.02973 0.00836004
10.0791 0.812795 -1.1124 -0.222945 0.885711 1.0364 0.00778943
10.0991 0.757318 -1.03647 -0.207728 0.891326 1.04341 0.00725776
10.1181 0.705627 -0.965725 -0.193549 0.894935 1.05066 0.00676238
10.1387 0.657465 -0.899809 -0.180338 0.896534 1.05839 0.00630082
10.1575 0.61259 -0.838393 -0.168029 0.898239 1.06298 0.00587076
10.1778 0.570778 -0.781169 -0.156561 0.897747 1.06592 0.00547005
10.1977 0.531819 -0.72785 -0.145875 0.896627 1.0666 0.00509669
10.2182 0.49552 -0.678171 -0.135918 0.895115 1.06721 0.00474882
10.2375 0.461698 -0.631882 -0.126641 0.891525 1.06617 0.00442469
10.2575 0.430185 -0.588753 0.201859 0.884779 1.05743 0.00412268
10.2785 0.400823 -0.548568 0.552971 0.87287 1.04616 0.00384129
10.2977 0.373465 -0.511126 0.851195 0.859146 1.03235 0.0035791
10.3179 0.347974 -0.476239 1.0865 0.847348 1.01816 0.00333481
10.338 0.324223 -0.443733 1.37705 0.833534 0.99895 0.00310719
10.3576 0.302093 -0.413446 1.65754 0.818459 0.976888 0.00289511
10.3774 0.281474 -0.385227 1.8949 0.800288 0.951962 0.00269751
10.3972 0.262262 -0.358933 2.12209 0.782228 0.926775 0.00251339
10.4177 0.244361 -0.334434 2.33423 0.765277 0.901866 -0.0117381
10.4379 0.227682 -0.311607 2.5408 0.750357 0.877058 -0.0258783
10.4576 0.212142 -0.290339 2.75996 0.734063 0.850157 -0.0412904
10.478 -0.16835 -0.270522 3.03125 0.715 0.820723 -0.060372
10.4978 -0.558845 -0.252057 3.31897 0.69426 0.788092 -0.0808795
10.5173 -0.983237 -0.234853 3.61017 0.674361 0.755693 -0.10384
10.5385 -1.37181 -0.218823 3.86232 0.655983 0.724253 -0.126658
10.5577 -1.7394 -0.203887 4.08851 0.638826 0.69458 -0.149179
10.5781 -2.07784 -0.189971 4.27418 0.624528 0.666446 -0.170927
10.5975 -2.44136 -0.177005 4.38175 0.613411 0.640404 -0.193139
10.6175 -2.76603 -0.164923 4.48058 0.604274 0.615117 -0.215589
10.6375 -3.11079 -0.153666 4.54774 0.595071 0.589127 -0.238946
10.657 -3.4381 -0.143178 4.59162 0.584823 0.548916 -0.262498
10.678 -3.74726 -0.133405 4.57105 0.578515 0.51145 -0.285123
10.6975 -4.00351 -0.1243 4.25905 0.575461 0.476541 -0.306801
10.7173 -4.22642 -0.115816 3.96835 0.577466 0.459772 -0.326946
10.7386 -4.37044 -0.107911 3.69749 0.58284 0.446588 -0.343795
10.7575 -4.58412 -0.100545 3.44512 0.58839 0.435023 -0.35981
10.778 -4.77475 -0.0936826 3.20998 0.590971 0.40533 -0.372654
10.7974 -4.98797 -0.0872883 2.99088 0.592555 0.377664 -0.381292
10.8177 -5.19328 -0.0813305 2.78674 0.59402 0.351887 -0.392078
10.8389 -5.40793 -0.0757793 2.59653 0.595097 0.327869 -0.403846
10.8584 -5.60353 -0.372661 2.4193 0.601536 0.30549 -0.41478
10.8784 -5.75535 -0.707879 2.25417 0.610751 0.284639 -0.422792
10.8976 -5.87329 -1.01844 2.10032 0.622119 0.265211 -0.4288
10.9176 -5.93224 -1.31735 1.64117 0.635142 0.247109 -0.432321
10.9373 -5.9633 -1.58278 1.17091 0.650763 0.24403 -0.434475
10.9584 -6.02345 -1.86224 0.683497 0.665129 0.227374 -0.437152
10.9772 -6.07473 -2.1181 0.181532 0.679984 0.227023 -0.439358
10.9981 -6.08418 -2.37412 -0.294291 0.694222 0.227879 -0.439497
11.0183 -6.05334 -2.58856 -0.748365 0.710095 0.229485 -0.437434
11.0381 -6.04206 -2.84005 -1.16683 0.723893 0.229373 -0.437103
11.0581 -6.05717 -3.02536 -1.50214 0.734042 0.227565 -0.437492
11.0771 -6.08722 -3.20952 -1.80412 0.741054 0.212032 -0.43865
11.0985 -6.10162 -3.39735 -2.09902 0.747177 0.211928 -0.439093
11.118 -6.05069 -3.5982 -2.4365 0.757279 0.216489 -0.436318
11.1379 -5.94043 -3.80332 -2.78736 0.767854 0.223718 -0.430276
11.1586 -5.81736 -3.9695 -3.16464 0.777262 0.232107 -0.422495
11.1781 -5.4203 -4.12842 -3.54139 0.785141 0.239506 -0.413879
11.1982 -5.33515 -4.25388 -3.91743 0.788152 0.243421 -0.407741
11.2186 -5.28397 -4.31706 -4.20971 0.785932 0.24168 -0.403049
11.2378 -5.21964 -4.33308 -4.52739 0.778394 0.225184 -0.397188
11.2574 -4.86338 -4.03733 -4.70624 0.765163 0.224051 -0.387801
11.278 -4.53143 -3.76176 -5.07432 0.757883 0.229059 -0.361332
11.2981 -4.22214 -3.505 -5.38098 0.747648 0.230143 -0.336669
11.318 -3.93395 -3.26577 -5.62893 0.733422 0.229176 -0.31369
11.3385 -3.66544 -3.04286 -5.82718 0.715246 0.227529 -0.292279
11.3577 -3.41526 -2.83517 -5.99574 0.69418 0.211999 -0.27233
11.3774 -3.18215 -2.64166 -5.91172 0.663001 0.197529 -0.253742
11.3999 -2.96495 -2.46135 -6.02537 0.642568 0.197912 -0.236423
11.4179 -2.76258 -2.29335 -6.16244 0.623979 0.184404 -0.220286
11.4382 -2.57402 -2.13682 -6.24274 0.601483 0.171817 -0.20525
11.4571 -2.39833 -1.99097 -6.29001 0.578451 0.16009 -0.191241
11.4776 -2.23463 -1.85508 -6.33728 0.554435 0.149163 -0.178188
11.4973 -2.08211 -1.72846 -6.6214 0.542996 0.153801 -0.166025
11.5178 -1.94 -1.61048 -7.02453 0.538937 0.163017 -0.154693
11.5375 -1.80758 -1.50056 -7.38729 0.535869 0.174396 -0.144135
11.5583 -1.6842 -1.39814 -7.73587 0.531614 0.18238 -0.134297
11.5786 -1.56925 -1.30271 -8.1097 0.52337 0.184104 -0.125131
11.5976 -1.46214 -1.21379 -8.54065 0.516007 0.171538 -0.11659
11.6186 -1.36234 -1.13095 -9.02116 0.515539 0.159829 -0.108632
11.6374 -1.26936 -1.05375 -9.57136 0.518181 0.166837 -0.101217
11.6581 -1.18272 -0.98183 -10.0904 0.524588 0.178796 -0.0943087
11.6773 -1.10199 -0.914816 -10.6258 0.53202 0.194343 -0.0878717
11.6983 -1.02677 -0.852375 -11.2065 0.54247 0.212239 -0.0663751
11.7176 -0.662633 -0.794196 -11.8153 0.554895 0.229578 -0.0454857
11.7376 -0.312609 -0.739989 -12.3871 0.567028 0.246102 -0.0261335
11.757 -0.291272 -0.689481 -12.843 0.575361 0.259315 -0.00844483
11.7777 -0.271391 -0.64242 -13.2107 0.578177 0.268214 0.00632445
11.7976 -0.252867 -0.598572 -13.5096 0.578221 0.274566 0.00589277
11.8172 -0.235608 -0.557717 -13.8005 0.577593 0.283055 0.0192012
11.8377 0.0646796 -0.51965 -14.1205 0.579841 0.294978 0.0367399
11.8587 0.40892 -0.484181 -14.4398 0.583722 0.309182 0.0561688
11.877 0.726416 -0.451133 -14.6788 0.586987 0.322922 0.075773
11.8973 1.00184 -0.420341 -14.8693 0.589374 0.335408 0.0925061
11.9177 1.23129 -0.391651 -14.9721 0.588944 0.342743 0.105689
11.9375 1.14725 -0.364919 -15.0274 0.586283 0.34872 0.115121
11.9576 1.06894 -0.340011 -15.0279 0.583168 0.351448 0.107264
11.9775 0.995982 -0.316804 -14.9214 0.575575 0.352559 0.0999422
11.9984 1.23987 -0.295181 -14.7719 0.564408 0.354313 0.107508
12.0178 1.15525 -0.275033 -14.6019 0.553785 0.359545 0.10017
12.0378 1.07639 -0.256261 -14.3326 0.540234 0.361899 0.0933327
12.058 1.00293 -0.23877 -14.0112 0.523182 0.359489 0.0869623
12.0775 0.934471 -0.222473 -13.6797 0.504556 0.356366 0.0810267
12.0979 0.870688 -0.207288 -13.3365 0.484564 0.355343 0.0754963
12.1174 0.81126 -0.193139 -12.9805 0.465946 0.357176 0.0703433
12.1377 0.755887 -0.179957 -12.5303 0.434143 0.359053 0.065542
12.158 1.00318 -0.167674 -12.0489 0.40451 0.360756 0.0749215
12.1774 1.27371 -0.156229 -11.5497 0.3769 0.360129 0.0838938
12.1972 1.47138 -0.145566 -10.7613 0.351175 0.356559 0.0920402
12.2174 1.37095 -0.13563 -10.0268 0.327206 0.351486 0.100221
12.2373 1.27738 -0.126373 -9.34244 0.287553 0.344654 0.108828
12.2573 1.19019 0.17421 -8.70477 0.246092 0.336981 0.1172
12.2783 1.41055 0.16232 -8.11063 0.206391 0.331499 0.12511
12.2975 1.66716 0.15124 -7.55704 0.172002 0.331056 0.136385
12.3175 1.90812 0.423699 -7.04123 0.1386 0.331954 0.148204
12.3384 2.11295 0.708919 -6.56064 0.102257 0.329975 0.157949
12.3572 2.28167 0.992084 -6.11284 0.0618123 0.323827 0.163373
12.3775 2.12593 1.30013 -5.28647 0.0159344 0.301724 0.152222
12.3974 1.98083 1.59499 -4.35757 -0.0354137 0.28113 0.141832
12.418 1.84563 1.87333 -3.33195 -0.0885949 0.261941 0.132151
12.4369 1.71965 2.13171 -2.17691 -0.144664 0.244063 0.123131
12.4578 1.60228 2.36293 -0.924769 -0.205775 0.227404 0.114727
12.4777 1.49291 2.5646 0.348012 -0.26696 0.211883 0.106896
12.4978 1.39102 2.7554 1.65298 -0.330968 0.197421 0.0996001
12.5179 1.29607 2.88228 2.94305 -0.392202 0.183946 0.0928019
12.5377 1.20761 2.97396 4.15706 -0.446283 0.171391 0.0864677
12.5573 1.12518 2.77098 5.22622 -0.492525 0.159692 0.0805659
12.5776 1.04838 2.58184 6.25423 -0.534821 0.148793 0.0750669
12.5984 0.976827 2.40562 7.31264 -0.577949 0.138637 0.0699432
12.6172 0.910154 2.53 8.38324 -0.623286 0.113034 0.0500716
12.6384 0.553617 2.66097 9.38392 -0.669754 0.0845624 0.0282357
12.6576 0.51583 2.77385 10.3012 -0.709495 0.0581874 0.00800784
12.6776 0.480622 2.58452 11.0027 -0.73623 0.0374837 -0.00877735
12.6975 0.447817 2.40812 11.5558 -0.751512 0.02037 -0.0265491
12.7175 0.417251 2.24375 12.0043 -0.758785 0.0189797 -0.046227
12.7383 0.388772 2.0906 12.4195 -0.761872 0.0176842 -0.06214
12.7581 0.362236 1.94791 12.8895 -0.766462 0.0164772 -0.0765147
12.7784 0.337512 1.81496 13.3825 -0.773178 0.000997466 -0.0911548
12.7983 0.314475 1.69108 13.8576 -0.780468 -0.0151729 -0.107784
12.818 0.293011 1.57565 14.2998 -0.785284 -0.0324768 -0.124803
12.8382 0.273011 1.46811 14.6072 -0.785757 -0.0484995 -0.141845
12.8571 0.254377 1.3679 14.7556 -0.781037 -0.0589634 -0.154642
12.8776 0.237014 1.27453 14.8099 -0.771021 -0.0549388 -0.164952
12.8974 0.220837 1.18754 14.6946 -0.754782 -0.051189 -0.174357
12.9177 0.205764 0.77557 14.4776 -0.733916 -0.0476951 -0.180674
12.9372 0.19172 0.361385 14.2217 -0.712358 -0.0444397 -0.184473
12.9576 0.178634 -0.000773957 14.0217 -0.692663 -0.0414065 -0.188218
12.9773 0.166441 -0.389131 13.8385 -0.675831 -0.0385803 -0.192687
12.9979 0.155081 -0.784816 13.5862 -0.65566 -0.035947 -0.194734
13.0175 0.144496 -1.20407 13.3106 -0.630919 -0.0334934 -0.181443
13.0374 0.134633 -1.57602 12.9855 -0.607154 -0.0312073 -0.169059
13.0577 0.125444 -1.90384 12.6648 -0.588214 -0.0290773 -0.157519
13.0783 0.116882 -2.24255 12.2598 -0.568968 -0.0270926 -0.146768
13.0976 0.108904 -2.57126 11.7558 -0.530133 -0.0252434 -0.13675
13.1178 0.101471 -2.89052 10.9534 -0.493949 -0.0235204 -0.127417
13.1377 0.0945448 -3.17472 10.2057 -0.460234 -0.021915 -0.11872
13.1573 0.0880917 -3.39211 9.50916 -0.428821 -0.0204192 -0.110617
13.1779 0.082079 -3.58538 8.86011 -0.414729 -0.0343835 -0.103066
13.1974 0.0764767 -3.71059 8.62571 -0.408176 -0.0546082 -0.0960316
13.2177 0.0712568 -3.90182 8.34999 -0.399226 -0.0708354 -0.089477
13.2379 0.0663932 -4.10601 7.78006 -0.386933 -0.0855085 -0.0833698
13.2569 0.0618615 -4.31782 7.24904 -0.374548 -0.0991359 -0.0776794
13.2779 0.0576392 -4.59042 6.75426 -0.348983 -0.110761 -0.0723774
13.2977 0.053705 -4.86861 6.29324 -0.325164 -0.124354 -0.0674373
13.318 0.0500394 -5.12139 5.8637 -0.30297 -0.142526 -0.0628343
13.3378 0.0466239 -5.34226 5.46347 -0.28229 -0.16598 -0.0585456
13.3575 0.0434416 -5.6157 5.09057 -0.263023 -0.187058 -0.0545496
13.3777 0.0404765 -5.85796 4.74311 -0.24507 -0.21193 -0.0508263
13.3994 0.0377138 -6.00876 4.41937 -0.251221 -0.242925 -0.0642738
13.417 0.0351397 -6.05427 4.11773 -0.261981 -0.279504 -0.0798456
13.4395 -0.262983 -6.0706 3.83667 -0.27683 -0.31347 -0.0911324
13.4577 -0.245034 -6.14888 3.25578 -0.287529 -0.342568 -0.10009
13.4781 -0.228309 -6.22414 2.51903 -0.2915 -0.36579 -0.107844
13.4977 -0.212726 -6.23493 1.93905 -0.297441 -0.387902 -0.119785
13.5177 -0.198206 -6.25406 1.42928 -0.308242 -0.408005 -0.130363
13.5379 -0.184678 -6.16718 0.971028 -0.322264 -0.431118 -0.136686
13.5578 -0.172072 -6.17789 0.541213 -0.333906 -0.453524 -0.143176
13.5773 -0.160328 -6.11144 0.183101 -0.345357 -0.477664 -0.150775
13.5979 -0.451886 -6.02913 -0.15403 -0.354178 -0.499579 -0.16175
13.6181 -0.421043 -6.03447 -0.563656 -0.351238 -0.504048 -0.165979
13.6382 -0.392304 -6.06096 -0.902889 -0.344889 -0.505517 -0.169944
13.6577 -0.365528 -6.03256 -1.26652 -0.337712 -0.507587 -0.172476
13.6772 -0.340579 -5.90535 -1.55212 -0.339779 -0.515273 -0.175919
13.6978 -0.649771 -5.50228 -1.78134 -0.343859 -0.523764 -0.181102
13.7177 -0.890678 -5.40575 -2.03437 -0.345873 -0.528854 -0.185076
13.7375 -1.12445 -5.03678 -2.22019 -0.346167 -0.532496 -0.188401
13.7579 -1.34641 -4.69299 -2.06865 -0.354069 -0.542312 -0.192042
13.7777 -1.6866 -4.37267 -1.92745 -0.371561 -0.556642 -0.195892
13.798 -2.07414 -4.07422 -1.7959 -0.396665 -0.57692 -0.20299
13.8173 -2.46551 -3.79613 -1.67332 -0.424536 -0.597029 -0.207314
13.8374 -2.74191 -3.53703 -1.5591 -0.450082 -0.618046 -0.211472
13.8582 -2.89965 -3.29561 -1.45269 -0.460527 -0.625168 -0.197038
13.8782 -3.06675 -3.07067 -1.35354 -0.471144 -0.634611 -0.201323
13.8985 -3.25864 -2.86108 -1.26115 -0.479228 -0.644145 -0.205873
13.918 -3.40578 -2.6658 -1.17507 -0.489634 -0.653197 -0.209204
13.9384 -3.55288 -2.48384 -1.09487 -0.498559 -0.659549 -0.211169
13.958 -3.71975 -2.31431 -1.02014 -0.504843 -0.666196 -0.215942
13.9774 -3.8706 -2.15635 -0.950507 -0.51154 -0.669714 -0.220408
13.9968 -4.03106 -2.00917 -0.88563 -0.513997 -0.671461 -0.2236
14.018 -4.12586 -1.87203 -0.825182 -0.518284 -0.674428 -0.227223
14.038 -4.24873 -1.74425 -0.768859 -0.522679 -0.67602 -0.231127
14.0574 -4.35859 -1.6252 -0.716381 -0.529526 -0.681166 -0.235087
14.0777 -4.46442 -1.51427 -0.667484 -0.537101 -0.687681 -0.240591
14.0978 -4.6184 -1.41092 -0.621925 -0.544405 -0.690566 -0.247116
14.1182 -4.68582 -1.31461 -0.579476 -0.552125 -0.691593 -0.252538
14.1379 -4.76136 -1.22489 -0.539924 -0.558189 -0.69265 -0.258382
14.1574 -4.85625 -1.14128 -0.503071 -0.570055 -0.698193 -0.264358
14.1783 -5.02402 -1.06338 -0.468734 -0.581659 -0.704198 -0.267171
14.1977 -5.15762 -0.990802 -0.436741 -0.603083 -0.717027 -0.270377
14.2179 -5.22589 -0.923175 -0.406931 -0.617129 -0.72248 -0.268324
14.2381 -5.36329 -0.860164 -0.379156 -0.636966 -0.729156 -0.26917
14.2573 -5.41007 -0.801454 -0.353277 -0.652018 -0.731384 -0.267817
14.2775 -5.49095 -0.746751 -0.329164 -0.671551 -0.735786 -0.264952
14.2976 -5.62478 -0.695781 -0.306697 -0.693108 -0.741255 -0.261798
14.3179 -5.69363 -0.648291 -0.285763 -0.712941 -0.743413 -0.243929
14.3371 -5.75675 -0.299839 -0.266259 -0.737858 -0.748821 -0.22728
14.3573 -5.8584 0.0704149 -0.248085 -0.758658 -0.754387 -0.211767
14.3776 -5.98253 0.494584 -0.231152 -0.784694 -0.761927 -0.197313
14.3973 -6.07621 0.842246 -0.215375 -0.807219 -0.766931 -0.183845
14.4219 -6.13413 1.17703 -0.200675 -0.826062 -0.768435 -0.171297
14.4401 -6.16489 1.50132 -0.186978 -0.837137 -0.762035 -0.159605
14.4605 -6.19023 1.79396 -0.174215 -0.84692 -0.75557 -0.148711
14.4809 -6.22517 2.11013 -0.162324 -0.857985 -0.748768 -0.138561
14.501 -6.23392 2.38394 -0.151245 -0.866503 -0.740494 -0.129103
14.521 -6.20287 2.66337 -0.140922 -0.873849 -0.729247 -0.120292
14.5408 -6.18262 2.9487 -0.131303 -0.882866 -0.718465 -0.112081
14.5631 -6.13809 3.18151 -0.122341 -0.88463 -0.704606 -0.104431
14.5805 -6.08079 3.46168 -0.113991 -0.891734 -0.693731 -0.0973031
14.601 -6.04536 3.71727 -0.10621 -0.899034 -0.68206 -0.0906617
14.6214 -5.98373 3.87911 -0.0989609 -0.900917 -0.669362 -0.0844736
14.6418 -5.57531 3.95006 -0.0922063 -0.894638 -0.650969 -0.0787078
14.6612 -5.19477 3.95969 -0.0859128 -0.885346 -0.630798 -0.0733356
14.6802 -4.8402 3.97415 -0.0800488 -0.872474 -0.609717 -0.0683301
14.7007 -4.50983 3.7029 -0.353045 -0.85772 -0.588883 -0.0636663
14.7211 -4.20201 3.45016 -0.608768 -0.84052 -0.566644 -0.0593207
14.7412 -3.91521 3.21467 -0.905955 -0.816813 -0.527967 -0.0552718
14.7614 -3.64797 2.99525 -1.21155 -0.790552 -0.491931 -0.0514992
14.7819 -3.39898 2.79081 -1.48341 -0.760913 -0.458354 -0.0479842
14.8017 -3.16699 2.60032 -1.79397 -0.729134 -0.427069 -0.044709
14.822 -2.95082 2.42284 -2.0952 -0.679367 -0.39792 -0.0416574
14.8423 -2.74942 2.25747 -2.37852 -0.632997 -0.37076 -0.0388141
14.8624 -2.56175 2.10339 -2.6405 -0.589792 -0.345454 -0.0361648
14.882 -2.3869 1.63759 -2.87343 -0.549536 -0.307027 -0.0336964
14.9001 -2.22398 1.1112 -3.11532 -0.512027 -0.268039 -0.0313965
14.9204 -1.75187 0.560215 -3.29655 -0.477079 -0.228581 -0.0292535
14.9405 -1.25219 -0.0441884 -3.49517 -0.424661 -0.186141 -0.0272568
14.9613 -0.709996 -0.688821 -3.70771 -0.370039 -0.14358 -0.0253964
14.9814 -0.239401 -1.34548 -3.90547 -0.316405 -0.103364 -0.023663
15.0017 0.214599 -2.04803 -4.07561 -0.264137 -0.0640477 -0.0220479
15.0211 0.67557 -2.75424 -4.29193 -0.208777 -0.0284825 -0.020543
15.0411 1.06696 -3.50689 -4.4399 -0.155539 0.00448153 -0.0191408
15.0637 1.5136 -4.28166 -4.5624 -0.103474 0.0350267 -0.0178344
15.0813 2.013 -5.17425 -4.73394 -0.0468598 0.0694029 -0.0166171
15.1019 2.49072 -6.05866 -4.93813 0.0109305 0.103067 -0.0154829
15.121 2.97071 -6.94879 -5.05367 0.0653063 0.13466 -0.0144261
15.1413 3.45232 -7.72295 -5.1037 0.114154 0.16276 -0.0134415
15.1609 3.85926 -8.42402 -5.10761 0.155952 0.187623 -0.012524
15.1829 4.22165 -9.10625 -5.08809 0.191786 0.20992 -0.0116692
15.2022 4.63553 -9.76447 -5.12696 0.227709 0.232737 -0.0108727
15.2222 5.0275 -10.3602 -5.23473 0.2632 0.257757 -0.0101306
15.2414 5.40932 -10.8734 -5.3607 0.299114 0.280306 -0.00943913
15.261 5.70665 -11.2682 -5.31452 0.323829 0.29356 -0.00879486
15.2812 5.88395 -11.6552 -5.26672 0.345159 0.303958 -0.00819457
15.3011 6.07717 -11.9972 -5.21686 0.363571 0.310548 -0.00763525
15.3212 6.26029 -12.3366 -5.25045 0.381351 0.315999 -0.00711411
15.342 6.40685 -12.5458 -5.23569 0.395806 0.320211 -0.00662854
15.3629 6.53314 -12.6689 -5.18526 0.405909 0.323023 -0.00617611
15.381 6.63067 -12.7539 -4.83134 0.411554 0.324411 -0.00575456
15.4023 6.7301 -12.7483 -4.50157 0.414223 0.322957 -0.00536178
15.4213 6.75086 -12.7122 -4.19432 0.41299 0.321397 -0.00499581
15.4409 6.73101 -12.5285 -3.90804 0.407172 0.316633 -0.00465483
15.461 6.6845 -12.2538 -3.6413 0.396374 0.309828 -0.00433711
15.4803 6.58639 -11.8556 -3.39276 0.369319 0.288681 -0.00404108
15.5007 6.41119 -11.4041 -3.16119 0.344111 0.268977 -0.00376526
15.5205 5.9736 -10.9105 -2.94542 0.320624 0.250618 -0.00350826
15.5408 5.56587 -10.1658 -2.74438 0.29874 0.233512 -0.00326881
15.5611 5.18597 -9.47193 -2.55706 0.278349 0.217574 -0.00304569
15.5813 4.83201 -8.82542 -2.38253 0.259351 0.202723 -0.00283781
15.6011 4.5022 -8.22305 -2.21991 0.241649 0.188886 -0.00264412
15.6208 4.1949 -7.66178 -2.06839 0.209876 0.175994 -0.00246364
15.6419 3.90858 -7.13883 -1.92721 0.17726 0.163982 -0.00229549
15.6613 3.6418 -6.65157 -1.79567 0.144485 0.152789 -0.00213881
15.6813 3.39323 -5.8963 -1.67311 0.116268 0.14236 -0.00199282
15.7012 3.16162 -5.49385 -1.55891 0.0907101 0.132644 -0.0018568
15.7209 2.94583 -5.11887 -1.45251 0.0675844 0.12359 -0.00173007
15.7408 2.74476 -4.76948 -1.35337 0.0490718 0.115154 -0.00161198
15.7614 2.55742 -4.44394 -1.26099 0.0320443 0.107295 -0.00150196
15.7804 2.38286 -4.14062 -1.17492 0.0161446 0.0999712 -0.00139944
15.8011 2.22022 -3.858 -1.09473 0.0150427 0.0931477 -0.00130392
15.8208 2.06868 -3.59468 -1.02001 -0.00100328 0.0727277 -0.00121492
15.8417 1.92748 -3.34932 -0.950389 -0.0158412 0.053749 -0.001132
15.8621 1.79592 -3.12071 -0.885521 -0.0295798 0.0500804 -0.00105473
15.8818 1.67334 -2.90771 -0.825079 -0.0442582 0.0323584 -0.000982744
15.9027 1.55913 -2.70924 -0.768764 -0.0579824 0.0158386 -0.000915667
15.921 1.45271 -2.52433 -0.716292 -0.0720894 -0.0019717 -0.000853168
