0.240913
0.255728
0.273944
0.293312
0.313774
0.333536
0.353617
0.37315
0.393169
0.413056
0.433754
0.453643
0.480719
0.498059
0.513517
0.532548
0.553098
0.572516
0.592643
0.612605
0.632451
0.652529
0.673258
0.692678
0.719883
0.739596
0.756801
0.775225
0.79462
0.815029
0.834275
0.854489
0.874785
0.894595
0.914737
0.934394
0.954716
0.974335
0.994552
1.01438
1.03481
1.05407
1.07479
1.09444
1.11443
1.13471
1.15471
1.17419
1.19979
1.22026
1.23971
1.2592
1.27925
1.29883
1.31912
1.33922
1.35937
1.37883
1.39952
1.41921
1.43931
1.45896
1.47985
1.49922
1.51877
1.53953
1.55904
1.57887
1.59821
1.61966
1.63897
1.66075
1.67909
1.69929
1.71983
1.73895
1.75997
1.77878
1.80078
1.81805
1.83978
1.85918
1.88005
1.89915
1.91871
1.93906
1.95976
1.97951
1.99968
2.01995
2.03911
2.0586
2.07866
2.09925
2.1222
2.13947
2.15953
2.17986
2.19995
2.21948
2.23914
2.25905
2.27962
2.30073
2.32021
2.34126
2.36053
2.38266
2.39986
2.41933
2.43875
2.46052
2.47943
2.49929
2.51916
2.53925
2.55866
2.57904
2.5992
2.62
2.63789
2.65987
2.67838
2.69932
2.72039
2.73928
2.75935
2.77854
2.79904
2.81921
2.83985
2.85901
2.87907
2.89906
2.91941
2.93945
2.96033
2.97977
2.99979
3.01908
3.03916
3.05937
3.07938
3.09893
3.11922
3.1385
3.15876
3.17973
3.19982
3.21893
3.23953
3.26015
3.27981
3.29945
3.31897
3.33981
3.36132
3.38017
3.39932
3.41893
3.4388
3.45917
3.47972
3.49925
3.51961
3.53865
3.55989
3.57899
3.59954
3.61886
3.63965
3.66048
3.67967
3.69916
3.71937
3.73879
3.7597
3.77885
3.79926
3.8196
3.84033
3.85992
3.87977
3.89862
3.91804
3.93853
3.95952
3.97922
4.00003
4.01851
4.04061
4.05987
4.07877
4.09947
4.11915
4.13978
4.15945
4.17907
4.19905
4.21947
4.23942
4.25936
4.27964
4.29941
4.31871
4.3386
4.35959
4.37934
4.39952
4.4192
4.43888
4.45925
4.47926
4.50265
4.52109
4.53994
4.55961
4.57902
4.59994
4.62188
4.64053
4.65955
4.67879
4.7001
4.71954
4.74115
4.76015
4.78063
4.80217
4.82051
4.84127
4.86
4.88079
4.90159
4.92004
4.93982
4.95919
4.97969
4.99984
5.02198
5.04139
5.06093
5.08139
5.1032
5.12037
5.14049
5.16018
5.18254
5.19999
5.22142
5.24034
5.26123
5.2798
5.30101
5.31941
5.34004
5.36014
5.3808
5.40055
5.42075
5.43981
5.46011
5.47983
5.49988
5.52201
5.54074
5.56013
5.57977
5.6015
5.62124
5.63997
5.66173
5.67979
5.69993
5.72063
5.73996
5.76036
5.78052
5.8011
5.82012
5.8407
5.86313
5.87971
5.9012
5.92053
5.93945
5.9595
5.97916
5.9994
6.02114
6.03967
6.06032
6.07915
6.10066
6.11957
6.14033
6.16146
6.17965
6.20128
6.22053
6.24105
6.25953
6.28108
6.29929
6.32004
6.34011
6.35979
6.37965
6.39974
6.4222
6.44038
6.46024
6.47982
6.50124
6.52062
6.54035
6.56057
6.58068
6.60001
6.62079
6.6425
6.66002
6.67988
6.70119
6.72067
6.74057
6.76001
6.77974
6.80092
6.82001
6.84019
6.86008
6.88164
6.90004
6.92091
6.93996
6.96008
6.97962
7.00056
7.02079
7.03987
7.06074
7.07999
7.10031
7.12035
7.14088
7.16055
7.18024
7.20094
7.22082
7.24158
7.25993
7.28012
7.30022
7.32084
7.33994
7.3618
7.38004
7.3997
7.41999
7.43958
7.45963
7.48099
7.50039
7.52069
7.54043
7.56073
7.58117
7.59985
7.62116
7.64011
7.66267
7.68095
7.70152
7.72037
7.7409
7.76067
7.78313
7.79979
7.82178
7.83996
7.86063
7.88116
7.89994
7.91986
7.94084
7.95992
7.98042
8.00038
8.02004
8.03903
8.06111
8.07891
8.10072
8.11953
8.14068
8.15945
8.17984
8.20013
8.22072
8.24051
8.2601
8.28048
8.29926
8.32041
8.33958
8.3598
8.37939
8.40037
8.42076
8.43962
8.46007
8.48004
8.50136
8.51944
8.53987
8.55993
8.57966
8.59991
8.61981
8.64062
8.66018
8.68022
8.7002
8.72047
8.74095
8.76038
8.78063
8.80019
8.82111
8.84006
8.86026
8.87948
8.89977
8.91988
8.94038
8.96162
8.9807
9.00224
9.01965
9.04151
9.06071
9.08059
9.09922
9.1199
9.14025
9.16108
9.18006
9.19973
9.22109
9.24009
9.26227
9.27937
9.30007
9.32115
9.3411
9.36009
9.37885
9.40051
9.42031
9.44278
9.45978
9.48066
9.49925
9.51935
9.53993
9.56
9.58003
9.60052
9.62017
9.64021
9.66079
9.68224
9.70072
9.72066
9.74073
9.76253
9.78167
9.80094
9.82088
9.84104
9.86182
9.88016
9.90065
9.9202
9.94053
9.96048
9.98201
10.0002
10.0207
10.0401
10.0634
10.0809
10.1022
10.1199
10.1399
10.1595
10.1805
10.1998
10.2207
10.2404
10.2616
10.2801
10.3016
10.3201
10.3415
10.3607
10.3804
10.3998
10.4203
10.4396
10.4613
10.4804
10.4993
10.5197
10.5394
10.5601
10.5801
10.5999
10.6197
10.64
10.66
10.6806
10.6996
10.7195
10.7401
10.7604
10.7795
10.8
10.8201
10.8399
10.8625
10.8802
10.8994
10.9196
10.9397
10.9599
10.9828
11
11.0199
11.0403
11.0621
11.0797
11.1012
11.1195
11.1393
11.1592
11.1792
11.1999
11.2205
11.2402
11.2594
11.2791
11.2999
11.3226
11.3403
11.3603
11.3803
11.4008
11.4198
11.4426
11.46
11.4804
11.4998
11.5205
11.5396
11.5606
11.5802
11.6004
11.6204
11.6413
11.6594
11.6801
11.6996
11.7197
11.7401
11.7604
11.7801
11.8016
11.8209
11.8401
11.861
11.8795
11.9008
11.9195
11.9406
11.9595
11.9806
11.9999
12.0204
12.0409
12.0595
12.0795
12.0988
12.1208
12.1394
12.1614
12.18
12.1994
12.2192
12.2404
12.2593
12.2789
12.3
12.3196
12.3395
12.3608
12.3804
12.3997
12.4197
12.4401
12.4599
12.4808
12.4999
12.5206
12.543
12.5605
12.5798
12.6005
12.6208
12.6394
12.661
12.6807
12.7011
12.7195
12.7404
12.7594
12.7804
12.8005
12.8212
12.8428
12.8613
12.8797
12.9008
12.9198
12.9409
12.9596
12.9812
13.0001
13.0201
13.0398
13.06
13.0792
13.1011
13.1201
13.1396
13.1603
13.1794
13.1998
13.2189
13.24
13.2596
13.2803
13.3014
13.32
13.3405
13.3595
13.3832
13.4004
13.42
13.4404
13.4596
13.4793
13.4997
13.5198
13.5401
13.5602
13.5806
13.6013
13.6206
13.6403
13.6609
13.6801
13.7001
13.7206
13.7407
13.76
13.7802
13.8007
13.8202
13.8405
13.8601
13.8809
13.8999
13.921
13.94
13.9595
13.9807
13.9995
14.02
14.0412
14.0592
14.0794
14.1006
14.1196
14.1403
14.1601
14.1798
14.2009
14.2199
14.241
14.2596
14.2812
14.2997
14.3198
14.34
14.3606
14.3809
14.4006
14.4212
14.4415
14.4606
14.4801
14.5002
14.5198
14.5387
14.5597
14.5795
14.6003
14.6201
14.641
14.6601
14.6821
14.6998
14.7207
14.7405
14.7601
14.7802
14.7997
14.8198
14.8389
14.8598
14.8803
14.9002
14.9204
14.9397
14.9602
14.9791
15.0008
15.0201
15.0412
15.0619
15.0797
15.1011
15.1195
15.1399
15.16
15.1817
15.1998
15.2209
15.2405
15.2616
15.2805
15.3004
15.3209
15.3407
15.3603
15.3802
15.3987
15.4204
15.4396
15.4599
15.4795
15.4997
15.5189
15.5389
15.5622
15.5796
15.5987
15.6194
15.6394
15.661
15.6817
15.7006
15.7203
15.7401
15.7612
15.7798
15.8004
15.8199
15.8396
15.8594
15.8797
15.9004
15.9197
15.9404
15.9604
15.9805
16.0012
16.0203
16.0408
16.0608
16.0801
16.0998
16.1197
16.1399
16.1618
16.18
16.2002
16.2205
16.2404
16.2609
16.2804
16.301
16.3207
16.3413
16.3611
16.3807
16.4002
16.4196
16.4413
16.4604
16.4799
16.4991
16.52
16.5402
16.56
16.5804
16.6008
16.6209
16.6405
16.6605
16.6797
16.7011
16.7196
16.7403
16.7597
16.7802
16.8027
16.8198
16.8409
16.8597
16.8814
16.9007
16.9203
16.941
16.9602
16.9811
16.9996
17.0205
17.0401
17.0599
17.0809
17.1001
17.1202
17.1393
17.1597
17.1796
17.2004
17.2198
17.2399
17.2599
17.2794
17.3
17.32
17.3399
17.3605
17.3796
17.3998
17.4194
17.4428
17.4598
17.4804
17.5
17.5207
17.5401
17.5603
17.5813
17.6
17.6198
17.6398
17.6596
17.6806
17.7002
17.7208
17.7404
17.7595
17.7811
17.8008
17.8192
17.8393
17.86
17.8801
17.8994
17.9202
17.9397
17.9607
17.9792
18.0001
18.0189
18.0426
18.0601
18.0796
18.0999
18.1201
18.1405
18.1594
18.1797
18.2003
18.2193
18.2408
18.2591
18.2799
18.2997
18.3206
18.3399
18.36
18.3798
18.3994
18.4196
18.4398
18.4604
18.4795
18.5011
18.5199
18.5405
18.5592
18.581
18.5997
18.6201
18.6397
18.6597
18.6812
18.7006
18.7214
18.74
18.7602
18.78
18.7991
18.8198
18.8396
18.86
18.8798
18.9004
18.9198
18.9405
18.961
18.9794
19.0008
19.0212
19.0403
19.0609
19.0805
19.0995
19.1199
19.1406
19.1604
19.1797
19.1999
19.2209
19.2412
19.2606
19.2811
19.3006
19.3205
19.3404
19.3617
19.3804
19.4034
19.4205
19.4411
19.461
19.4815
19.5
19.5206
19.5394
19.5605
19.5813
19.6009
19.6206
19.6405
19.6597
19.6794
19.7002
19.7212
19.7437
19.7606
19.7813
19.8017
19.8212
19.8405
19.8599
19.881
19.8994
19.9205
19.9397
19.9605
19.9803
20.0002
20.0202
20.0404
20.0608
20.083
20.1003
20.1196
20.1404
20.1602
20.1798
20.2006
20.2207
20.2409
20.2601
20.2808
20.3003
20.3206
20.3395
20.3613
20.3798
20.3998
20.4199
20.4403
20.461
20.4793
20.4993
20.5193
20.5407
20.5607
20.5802
20.6
20.6205
20.6401
20.6599
20.6805
20.7005
20.7217
20.7399
20.76
20.7796
20.8011
20.8206
20.84
20.8606
20.8808
20.9001
20.9206
20.9409
20.9604
20.9807
21.001
21.0198
21.041
21.0611
21.0812
21.1007
21.1212
21.1406
21.1597
21.1797
21.2001
21.2202
21.2403
21.2601
21.281
21.3014
21.3196
21.3397
21.3631
21.3801
21.4014
21.4205
21.4422
21.4611
21.4799
21.5002
21.5199
21.5408
21.5602
21.5796
21.6004
21.6207
21.6403
21.6599
21.6797
21.6996
21.7205
21.7403
21.762
21.783
21.8004
21.8202
21.841
21.8599
21.88
21.9
21.9206
21.9402
21.9599
21.9802
21.9986
22.0191
22.0412
22.0604
22.0793
22.1004
22.1207
22.1404
22.1614
22.1806
22.2009
22.2194
22.2419
22.2605
22.2804
22.3002
22.3213
22.3407
22.36
22.3795
22.4012
22.4211
22.4404
22.4622
22.4806
22.4999
22.5204
22.5389
22.56
22.5801
22.6001
22.6218
22.64
22.6607
22.6792
22.7001
22.721
22.7406
22.7597
22.7798
22.8005
22.8204
22.8409
22.8602
22.88
22.9004
22.9213
22.94
22.9609
22.9798
22.9997
23.0198
23.0393
23.0613
23.0809
23.0998
23.1194
23.1403
23.1609
23.1828
23.1996
23.2237
23.2405
23.2603
23.2801
23.3032
23.3204
23.3411
23.3609
23.381
23.4009
23.4228
23.4404
23.4602
23.4799
23.5
23.52
23.5396
23.5605
23.5811
23.6014
23.6201
23.6412
23.6606
23.6787
23.6998
23.7188
23.7399
23.7602
23.7803
23.8003
23.8203
23.8417
23.8605
23.8807
23.8999
23.9213
23.9398
23.9604
23.9806
24.0005
24.02
24.0397
24.0601
24.0806
24.101
24.1198
24.1401
24.1609
24.1798
24.2
24.2199
24.2404
24.2599
24.2801
24.3007
24.3213
24.3401
24.3611
24.3799
24.4004
24.4203
24.4407
24.4593
24.4808
24.4997
24.5196
24.5418
24.5609
24.5803
24.6001
24.6213
24.6402
24.6589
24.68
24.6991
24.7213
24.7418
24.7608
24.7808
24.8007
24.82
24.8399
24.8598
24.8796
24.9005
24.9211
24.941
24.9594
24.9801
24.9995
25.0207
25.0398
25.0599
25.0819
25.0996
25.1198
25.1396
25.1598
25.1803
25.2008
25.2208
25.2405
25.2607
25.2808
25.3003
25.3206
25.3412
25.3597
25.3807
25.4021
25.4219
25.4401
25.4605
25.48
25.5005
25.5197
25.54
25.5601
25.5823
25.6002
25.6217
25.6402
25.6624
25.6804
25.701
25.7202
25.74
25.7598
25.7801
25.8002
25.8202
25.8414
25.8597
25.879
25.8999
25.9188
25.9402
25.9595
25.9796
26.0001
26.0201
26.04
26.059
26.0797
26.0992
26.1198
26.14
26.1602
26.1797
26.1997
26.2192
26.2387
26.2598
26.2796
26.3004
26.32
26.341
26.3611
26.3802
26.3998
26.4199
26.4408
26.4599
26.4807
26.5
26.5201
26.5404
26.5602
26.5799
26.6007
26.6202
26.6399
26.6601
26.6801
26.7003
26.7198
26.7391
26.76
26.7794
26.8002
26.82
26.8393
26.86
26.8797
26.8999
26.9195
26.94
26.96
26.98
27.0009
27.0203
27.0393
27.0603
27.0798
27.1008
27.1202
27.1398
27.1617
27.1795
27.2022
27.2206
27.2416
27.259
27.2807
27.2996
27.3205
27.341
27.362
27.3804
27.4
27.4204
27.4408
27.4614
27.4802
27.5009
27.5199
27.5399
27.5599
27.5805
27.6008
27.6214
27.6423
27.661
27.6775
27.694
27.7131
27.7323
27.7523
27.7725
27.7925
27.8127
27.8321
27.8525
27.8722
27.892
27.9125
27.9323
27.9525
27.9721
27.992
28.0121
28.0323
28.052
28.0729
28.0945
28.1142
28.1341
28.1597
28.1817
28.2
28.22
28.2401
28.2591
28.28
28.2998
28.3194
28.3403
28.3629
28.3807
28.3994
28.4204
28.4397
28.4607
28.4808
28.4998
28.5212
28.5413
28.5617
28.5809
28.6011
28.6202
28.6402
28.66
28.6807
28.7004
28.7208
28.7403
28.7609
28.7798
28.801
28.8206
28.8402
28.8607
28.8798
28.9002
28.9198
28.94
28.9601
28.9811
29.0012
29.0208
29.0413
29.06
29.0804
29.1003
29.1201
29.1395
29.1617
29.1813
29.2019
29.2222
29.2408
29.2599
29.2811
29.3004
29.3204
29.3411
29.3598
29.3797
29.4004
29.4206
29.4398
29.4605
29.4799
29.4998
29.5207
29.54
29.5599
29.5799
29.6
29.6196
29.6403
29.6598
29.6804
29.6995
29.7192
29.7402
29.7625
29.7806
29.7999
29.8197
29.8396
29.8591
29.8813
29.8997
29.9201
29.9408
29.9612
29.9809
30.0015
30.0201
30.0399
30.0597
30.0797
30.0987
30.1198
30.1418
30.1604
30.1821
30.2002
30.2195
30.2402
30.2601
30.2805
30.3007
30.3201
30.3395
30.3602
30.3795
30.3992
30.4199
30.4397
30.4611
30.48
30.5002
30.5208
30.5407
30.5595
30.5803
30.6031
30.6199
30.6414
30.6601
30.6803
30.6999
30.722
30.7405
30.7591
30.7804
30.8002
30.8199
30.8405
30.8616
30.8811
30.9005
30.9196
30.9407
30.9612
30.9804
30.9993
31.0208
31.0396
31.0606
31.0799
31.0998
31.1206
31.1405
31.1601
31.1804
31.1998
31.2199
31.2401
31.2604
31.28
31.3003
31.3201
31.3421
31.3605
31.3806
31.4006
31.4203
31.4407
31.4599
31.48
31.5
31.5214
31.5407
31.5612
31.5797
31.5995
31.6197
31.64
31.6605
31.6807
31.7007
31.7216
31.7408
31.7607
31.7791
31.8013
31.8199
31.8403
31.8617
31.8806
31.901
31.9204
31.9413
31.9618
31.9803
32.0006
32.0233
32.0412
32.0628
32.0804
32.1013
32.1201
32.141
32.1599
32.1808
32.2002
32.2205
32.2398
32.2601
32.2812
32.3005
32.3209
32.34
32.3596
32.3804
32.402
32.4201
32.4401
32.46
32.4814
32.5009
32.5201
32.5398
32.5598
32.5797
32.599
32.6204
32.6398
32.659
32.6799
32.6994
32.721
32.7393
32.7596
32.7792
32.8002
32.8208
32.8401
32.8613
32.8843
32.9042
32.9217
32.9367
32.9543
32.9725
32.9924
33.0122
33.0326
33.0522
33.0724
33.0924
33.1124
33.1322
33.1522
33.1744
33.1944
33.2199
33.24
33.2607
33.2802
33.3016
33.3208
33.341
33.3618
33.3807
33.4006
33.4159
33.4331
33.4528
33.4725
33.4926
33.5138
33.5411
33.5619
33.5808
33.6017
33.6222
33.6432
33.663
33.6828
33.7014
33.721
33.7414
33.7607
33.7809
33.8003
33.8207
33.8411
33.8604
33.8799
33.9001
33.9201
33.939
33.9604
33.9794
33.9995
34.0206
34.0397
34.0609
34.0797
34.0997
34.1199
34.1404
34.1619
34.1801
34.2003
34.2204
34.2409
34.2607
34.2834
34.2996
34.3195
34.3395
34.3605
34.3817
34.3997
34.4199
34.4398
34.4606
34.4799
34.5002
34.5188
34.5397
34.5606
34.5804
34.6007
34.62
34.6406
34.66
34.6798
34.7009
34.72
34.7398
34.7612
34.7806
34.7992
34.8212
34.8394
34.8599
34.8792
34.9007
34.92
34.9409
34.9605
34.9792
35.0004
35.0202
35.0405
35.0589
35.0796
35.1001
35.1205
35.1397
35.1595
35.182
35.1999
35.22
35.2401
35.2612
35.2798
35.3009
35.3208
35.34
35.361
35.3804
35.4009
35.4195
35.441
35.4595
35.4803
35.5006
35.5204
35.5401
35.5606
35.5796
35.6009
35.6201
35.6407
35.661
35.6801
35.6998
35.7202
35.7396
35.7612
35.7796
35.8001
35.8202
35.84
35.8604
35.8804
35.9026
35.9201
35.9404
35.9609
35.9811
35.9994
36.0203
36.0398
36.0602
36.0798
36.0997
36.12
36.1396
36.1602
36.1801
36.1999
36.2205
36.2408
36.26
36.2799
36.2999
36.3208
36.3408
36.3607
36.381
36.4008
36.4202
36.44
36.46
36.4816
36.4996
36.5203
36.5398
36.5604
36.58
36.5997
36.6206
36.6397
36.6606
36.6797
36.7004
36.7194
36.7402
36.763
36.78
36.8011
36.8204
36.8433
36.8604
36.8805
36.9004
36.9212
36.9404
36.9606
36.9801
36.9999
37.0209
37.0404
37.061
37.0804
37.0994
37.1189
37.1427
37.1602
37.1799
37.1998
37.2205
37.2411
37.2606
37.2805
37.2998
37.32
37.3393
37.3598
37.3804
37.3998
37.4201
37.4404
37.4605
37.4804
37.5006
37.5228
37.5397
37.5608
37.5802
37.6016
37.6197
37.6407
37.6598
37.6811
37.7013
37.7198
37.7411
37.76
37.7802
37.8003
37.8206
37.8397
37.8605
37.8805
37.8996
37.9207
37.9402
37.9616
37.9799
38.0004
38.0204
38.0411
38.0592
38.0787
38.0996
38.1189
38.1412
38.1598
38.1811
38.1993
38.2202
38.2403
38.2603
38.2803
38.3001
38.3202
38.3412
38.3613
38.3802
38.4006
38.4206
38.4409
38.4602
38.4807
38.5013
38.5193
38.5386
38.5596
38.5792
38.6002
38.6199
38.6401
38.6592
38.6802
38.7008
38.7201
38.7402
38.761
38.7792
38.8003
38.8204
38.8399
38.8601
38.88
38.9007
38.9199
38.9422
38.959
38.9798
39.0007
39.0191
39.0401
39.0601
39.0797
39.1005
39.12
39.1397
39.1601
39.1804
39.2005
39.2195
39.2401
39.2618
39.2804
39.3008
39.3197
39.3408
39.3624
39.38
39.4002
39.4231
39.4408
39.4645
39.4862
39.502
39.5209
39.5397
39.5601
39.5806
39.6011
39.621
39.6409
39.6606
39.6803
39.7007
39.7209
39.7402
39.7599
39.7797
39.8003
39.82
39.8409
39.8597
39.8798
39.9004
39.9204
39.9403
39.9606
39.98
40.0002
40.0197
40.0394
40.0598
40.0797
40.1
40.1196
40.1411
40.1605
40.1795
40.2002
40.2202
40.2404
40.2608
40.2801
40.2998
40.32
40.3407
40.363
40.3808
40.3998
40.4202
40.4404
40.4605
40.4815
40.5006
40.5208
40.5393
40.5607
40.5799
40.6013
40.6204
40.641
40.6618
40.6803
40.7018
40.7214
40.7409
40.76
40.7806
40.8008
40.8196
40.8411
40.8612
40.8799
40.9012
40.9195
40.9396
40.9611
40.98
41.0022
41.0202
41.0415
41.0602
41.0802
41.1012
41.1206
41.1411
41.1617
41.1796
41.2026
41.2206
41.2396
41.2616
41.2798
41.3008
41.32
41.3399
41.3599
41.3792
41.4002
41.42
41.4402
41.4598
41.4798
41.5007
41.5202
41.5394
41.5593
41.5797
41.6007
41.6207
41.6411
41.6604
41.6808
41.6993
41.7205
41.7409
41.7611
41.7809
41.8001
41.8202
41.8399
41.8604
41.8801
41.9006
41.9206
41.9406
41.9601
41.9795
41.9997
42.023
42.0401
42.0596
42.0792
42.1011
42.1209
42.1407
42.1595
42.1794
42.2006
42.2203
42.2396
42.26
42.2801
42.2999
42.32
42.3406
42.3604
42.38
42.4
42.4208
42.4402
42.4599
42.4798
42.5002
42.5203
42.5396
42.5596
42.5798
42.5999
42.6201
42.6399
42.6594
42.6794
42.7004
42.7195
42.7412
42.7599
42.7806
42.8004
42.8206
42.8417
42.8613
42.88
42.9007
42.9216
42.9406
42.9623
42.9797
43.0027
43.0194
43.0399
43.0595
43.0805
43.0998
43.1217
43.1398
43.1604
43.1797
43.2004
43.2199
43.2406
43.2605
43.28
43.3008
43.3208
43.3399
43.3624
43.3814
43.4003
43.4219
43.4397
43.4599
43.4804
43.5
43.5205
43.5413
43.56
43.579
43.5995
43.6206
43.6413
43.6606
43.6801
43.7
43.721
43.7397
43.7604
43.7795
43.7999
43.8209
43.84
43.8612
43.8812
43.9
43.9207
43.9406
43.9608
43.9809
43.9997
44.02
44.0408
44.0598
44.0802
44.1
44.1209
44.1399
44.1596
44.1806
44.2
44.2209
44.2409
44.2607
44.2798
44.3007
44.3196
44.341
44.3595
44.3797
44.4
44.42
44.4402
44.4597
44.4799
44.5005
44.5202
44.5405
44.5601
44.5821
44.6008
44.6211
44.6406
44.661
44.6798
44.7003
44.7204
44.7401
44.76
44.7816
44.8007
44.8199
44.8404
44.8609
44.8806
44.9001
44.921
44.94
44.9602
44.9807
44.9997
45.021
45.0402
45.0599
45.0818
45.1001
45.1205
45.1423
45.1603
45.1798
45.2001
45.2206
45.2401
45.2596
45.2797
45.3002
45.3199
45.3401
45.3601
45.3798
45.399
45.4205
45.4391
45.4597
45.4798
45.4997
45.5205
45.5395
45.5595
45.5797
45.5997
45.6197
45.6401
45.6597
45.6795
45.7001
45.7201
45.7411
45.76
45.7798
45.8002
45.8196
45.84
45.8601
45.8802
45.8991
45.9206
45.9396
45.959
45.979
45.9995
46.0224
46.0402
46.0597
46.0792
46.0999
46.1191
46.1394
46.1592
46.1801
46.2005
46.2196
46.2389
46.2583
46.2827
46.3001
46.3225
46.3401
46.3589
46.3793
46.3997
46.4192
46.4404
46.4598
46.4799
46.4993
46.5198
46.5407
46.5587
46.5784
46.6002
46.6184
46.639
46.6597
46.6804
46.7001
46.7202
46.7399
46.7598
46.7802
46.8004
46.82
46.8381
46.86
46.879
46.8999
46.9209
46.9394
46.9608
46.9791
46.9984
47.0192
47.0398
47.0593
47.0794
47.0999
47.1194
47.1392
47.1597
47.1795
47.1994
47.2205
47.2406
47.2599
47.2797
47.301
47.3189
47.3398
47.3598
47.3796
47.3996
47.4189
47.4397
47.4592
47.4796
47.4989
47.5191
47.5395
47.5605
47.5795
47.5994
47.62
47.6403
47.6594
47.6795
47.6983
47.7211
47.7399
47.7597
47.7804
47.8015
47.8204
47.8408
47.8596
47.8801
47.8983
47.9191
47.941
47.959
47.9787
47.9986
48.0191
48.039
48.0599
48.0787
48.0999
48.1196
48.1391
48.1591
48.1789
48.199
48.219
48.2382
48.2587
48.2781
48.2986
48.3197
48.3404
48.3614
48.3791
48.401
48.4198
48.4382
48.4578
48.4793
48.5001
48.5187
48.5384
48.559
48.5798
48.5997
48.6189
48.64
48.659
48.6788
48.6984
48.7187
48.7388
48.7593
48.7799
48.8004
48.8204
48.8387
48.8547
48.8732
48.8922
48.9118
48.9318
48.952
48.9731
48.9954
49.0159
49.0363
49.0563
49.0734
49.0925
49.1119
49.1321
49.1521
49.1728
49.1926
49.2155
49.2352
49.2553
49.2765
49.2957
49.316
49.3367
49.3556
49.3755
49.3949
49.4159
49.4359
49.4554
49.4745
49.4947
49.5141
49.5345
49.5545
49.5744
49.5939
49.6138
49.6344
49.6542
49.6741
49.6987
49.7197
49.7397
49.7594
49.7787
49.7989
49.8195
49.8385
49.8588
49.8789
49.8998
49.9196
49.9388
49.9591
49.9782
49.9994
50.0198
50.0395
50.06
50.08
50.0997
50.1195
50.1391
50.1603
50.1789
50.1987
50.2194
50.239
50.2595
50.2792
50.2995
50.3192
50.3384
50.3591
50.3787
50.3984
50.419
50.4385
50.4587
50.4819
50.4992
50.5206
50.5394
50.5597
50.5789
50.5993
50.6193
50.6395
50.6606
50.6793
50.6996
50.7187
50.7399
50.7585
50.7787
50.7993
50.8189
50.8396
50.8589
50.8784
50.8983
50.9189
50.9388
50.9585
50.9792
50.9976
51.0189
51.0391
51.0604
51.0789
51.0991
51.1193
51.1396
51.1587
51.1798
51.1993
51.2188
51.2394
51.2596
51.2795
51.2995
51.3202
51.3391
51.3593
51.3792
51.3988
51.4202
51.4396
51.4591
51.479
51.5
51.5182
51.5387
51.5585
51.5786
51.6006
51.619
51.6397
51.6594
51.6796
51.698
51.7197
51.7395
51.7599
51.7784
51.7983
51.8192
51.8379
51.8591
51.8794
51.9005
51.9194
51.9397
51.9604
51.9807
52.0005
52.0193
52.0394
52.059
52.0788
52.0998
52.1183
52.139
52.1584
52.1783
52.2001
52.2189
52.2385
52.2593
52.2801
52.2981
52.3192
52.3396
52.3584
52.3792
52.3991
52.419
52.4409
52.459
52.4791
52.5001
52.5189
52.5391
52.5578
52.5787
52.5979
52.6191
52.6392
52.6585
52.678
52.6982
52.7207
52.7397
52.7597
52.7786
52.799
52.8189
52.839
52.8594
52.8822
52.8992
52.9193
52.9394
52.9588
52.9804
52.9999
53.0183
53.039
53.059
53.0798
53.0982
53.119
53.1406
53.1609
53.1789
53.1992
53.2189
53.2397
53.2602
53.279
53.2997
53.3194
53.3398
53.3609
53.3791
53.3984
53.4186
53.4383
53.4592
53.4796
53.4998
53.5189
53.5399
53.5589
53.5787
53.5986
53.6191
53.6388
53.6588
53.6791
53.6987
53.7195
53.7387
53.7585
53.7795
53.7981
53.8186
53.8402
53.8597
53.88
53.9001
53.921
53.9394
53.9604
53.9788
53.9998
54.0186
54.0384
54.0588
54.0792
54.0997
54.1197
54.139
54.1612
54.1796
54.1997
54.2185
54.239
54.2586
54.2789
54.2994
54.3197
54.3399
54.3582
54.3791
54.3994
54.4195
54.4407
54.4596
54.4792
54.4997
54.5191
54.5391
54.5579
54.5797
54.5978
54.6195
54.6391
54.66
54.6795
54.7001
54.7197
54.7384
54.7585
54.7791
54.7995
