 0 0 0 0 0 0 0 0 0
 0 0 -0.00316739 0.000924297 0.0186873 0.0203511 0.00709438 0.0241216 0.0127073
 0 0 0.000504555 -0.00165273 -0.0540511 -0.0135443 -0.0830447 -0.103029 -0.121446
 0 0 0.000673313 0.000283477 -0.00195305 0.034035 0.0191742 0.0330693 0.048224
 0 0 0.00162332 -0.00743043 0.00333333 -0.00988082 0.0470041 0.0771393 0.0386006
 0 0 -0.00329399 0.000863363 -0.0149909 -0.018542 -0.0271956 -0.0271042 -0.026078
 0 0 -0.000104216 3.14713e-05 -0.00418874 0.000114265 0.000423098 0.00108325 -0.000868495
 0 0 0.000191333 0.000217666 -0.051416 -0.111672 -0.201725 -0.258002 -0.308996
 0 0 0.000376853 -0.000174138 0.0306069 0.0513563 0.00861389 0.023157 -0.0047152
 0.252694 0.698701 1.153 1.60399 2.05465 2.50568 2.95524 3.40547 3.85493
 0.00532733 0.0147301 0.0203254 0.0348106 0.0647968 0.0771012 0.0654946 0.09624 0.0946633
 0.000112312 0.000310543 0.000638273 -0.000575754 -0.0549328 -0.0162636 -0.0779077 -0.0976024 -0.117522
 2.36777e-06 6.54691e-06 0.000229407 -0.000103184 -0.00220661 0.0378934 0.0195518 0.0292778 0.0522223
 4.99178e-08 1.38023e-07 1.57915e-05 -0.00372469 0.00724366 -0.00589364 0.0460709 0.0731535 0.0347791
 1.05238e-09 2.90983e-09 -0.00397812 0.00106864 -0.0110819 -0.0223736 -0.0233094 -0.0237421 -0.0257783
 2.21863e-11 6.13454e-11 -8.72416e-05 4.77635e-05 -0.0024504 0.00042941 -0.000134394 0.0014684 0.00305349
 4.67736e-13 1.29329e-12 0.000136029 0.000111492 -0.055295 -0.115581 -0.205653 -0.254088 -0.312829
 9.86089e-15 2.72654e-14 2.70882e-05 -0.000305535 0.0316452 0.0551896 0.00462525 0.0271552 -0.00304268
 0.271425 0.718769 1.17276 1.62295 2.07521 2.52587 2.97516 3.4257 3.87451
 0.00572222 0.0151532 0.0195559 0.0350105 0.0667341 0.0774453 0.0667516 0.0986545 0.0913272
 0.000120637 0.000319463 0.000645901 -0.00089228 -0.0588076 -0.020172 -0.0768502 -0.100081 -0.113687
 2.54328e-06 6.73496e-06 0.000274451 0.000346427 -0.00572891 0.0417266 0.0219182 0.0331412 0.0562189
 5.36179e-08 1.41988e-07 -5.04668e-05 -0.00564398 0.0110851 -0.00190695 0.044488 0.0693291 0.0309574
 1.13038e-09 2.9934e-09 -0.00517302 0.000706836 -0.0124419 -0.0239102 -0.0194369 -0.0251183 -0.021953
 2.38309e-11 6.31074e-11 -0.000114849 1.51934e-05 -0.00287106 4.57141e-05 0.000151191 0.00172058 0.00704981
 5.02407e-13 1.33044e-12 0.000175815 0.000278683 -0.0592196 -0.119504 -0.209563 -0.257999 -0.313606
 1.05918e-14 2.80486e-14 5.12538e-05 -2.52906e-05 0.0354782 0.051201 0.000636943 0.0266117 -0.00697474
 0.293109 0.738646 1.19238 1.64247 2.09362 2.54453 2.99439 3.44504 3.89493
 0.00617936 0.0155723 0.0186119 0.0355405 0.0659122 0.0772077 0.0682181 0.0951563 0.0923898
 0.000130274 0.000328297 0.000672184 -0.0017005 -0.0619647 -0.0240927 -0.0804435 -0.10407 -0.109758
 2.74646e-06 6.92121e-06 0.000275432 0.000721429 -0.00391411 0.0455597 0.024979 0.0291512 0.0556331
 5.79014e-08 1.45914e-07 0.000146505 -0.00919348 0.00940847 0.00208953 0.0441946 0.0731606 0.0270392
 1.22069e-09 3.07618e-09 -0.00659522 0.000785422 -0.0147501 -0.0230727 -0.0213433 -0.0211316 -0.0181297
 2.57347e-11 6.48526e-11 -0.000155877 1.29218e-05 -0.00369497 0.000432726 8.38613e-05 0.00184562 0.0110461
 5.42544e-13 1.36723e-12 0.000139185 0.000664899 -0.0631526 -0.123412 -0.21348 -0.261912 -0.309616
 1.1438e-14 2.88242e-14 0.000178796 -9.47701e-06 0.0367204 0.0498103 -0.00336131 0.0226233 -0.00641719
 0.311097 0.758408 1.21215 1.66269 2.11419 2.56427 3.01429 3.46421 3.91465
 0.0065586 0.0159889 0.0172107 0.0362601 0.0702616 0.0771126 0.0704743 0.0994762 0.0929438
 0.000138269 0.00033708 0.000813634 -0.00341312 -0.0654174 -0.0280104 -0.0816165 -0.100073 -0.105841
 2.91502e-06 7.10638e-06 0.000402769 0.000912747 -0.0055787 0.0493927 0.0248305 0.0253296 0.0539069
 6.14549e-08 1.49818e-07 0.000219048 -0.0131051 0.0054675 0.00608601 0.0477034 0.0691742 0.0230969
 1.2956e-09 3.15848e-09 -0.00834073 0.000984993 -0.0187489 -0.0233132 -0.0207715 -0.0240169 -0.014307
 2.73141e-11 6.65877e-11 -0.000183909 2.06315e-05 -0.00760114 0.000718764 0.000276249 0.00214415 0.0150423
 5.7584e-13 1.40381e-12 0.000261996 0.000618035 -0.0671506 -0.127322 -0.217391 -0.257999 -0.305626
 1.214e-14 2.95954e-14 7.02327e-05 -4.68602e-05 0.0405518 0.0476794 -0.0055504 0.0266214 -0.0102487
 0.331155 0.777671 1.23212 1.68247 2.13381 2.58399 3.03318 3.48392 3.93326
 0.00698147 0.016395 0.0166078 0.0367219 0.0745909 0.0782001 0.0715898 0.0959859 0.0943987
 0.000147184 0.000345642 0.00075403 -0.00545724 -0.0614104 -0.0319031 -0.0806527 -0.0962412 -0.101904
 3.10297e-06 7.28688e-06 0.000316039 0.000293983 -0.00940989 0.0528469 0.0235181 0.0215045 0.051225
 6.54172e-08 1.53623e-07 0.00055177 -0.0170338 0.0093024 0.0100745 0.0515914 0.0651876 0.0191345
 1.37914e-09 3.23871e-09 -0.00959017 0.00103605 -0.0197142 -0.0231374 -0.0192591 -0.021855 -0.011183
 2.90752e-11 6.8279e-11 -0.000245768 4.97741e-05 -0.00384123 0.000995068 0.000678922 0.0012645 0.0174278
 6.12968e-13 1.43947e-12 7.77789e-05 0.000348006 -0.070987 -0.131231 -0.221298 -0.254112 -0.30167
 1.29227e-14 3.03471e-14 0.000486432 -0.000350012 0.0443866 0.0478704 -0.00649273 0.0285874 -0.014081
 0.346835 0.797205 1.25112 1.70156 2.15329 2.60357 3.05267 3.50451 3.95276
 0.00731204 0.0168068 0.0166296 0.0373374 0.0766518 0.0798232 0.0759163 0.100336 0.0957418
 0.000154154 0.000354324 0.000975153 -0.00719025 -0.0604846 -0.0357845 -0.0827221 -0.0922436 -0.0979702
 3.24989e-06 7.46991e-06 0.000148084 -0.000445077 -0.00960363 0.055481 0.0227189 0.0176829 0.0509228
 6.85148e-08 1.57482e-07 0.00163519 -0.0209651 0.013214 0.0140458 0.0554902 0.0612012 0.0158879
 1.44444e-09 3.32006e-09 -0.00993228 0.00103721 -0.0220526 -0.0235604 -0.0208406 -0.023238 -0.0098736
 3.04519e-11 6.99941e-11 -0.00024744 4.65585e-05 2.51407e-05 0.00105151 0.000762031 0.00172369 0.0147918
 6.41992e-13 1.47563e-12 -3.51635e-05 -0.000160066 -0.0748212 -0.135146 -0.225212 -0.250197 -0.29782
 1.35346e-14 3.11094e-14 0.000433437 -0.000270232 0.0482214 0.0489406 -0.00265957 0.0325856 -0.017715
 0.366196 0.816059 1.27094 1.72147 2.17251 2.62304 3.07211 3.5237 3.97263
 0.00772019 0.0172043 0.0184998 0.0379476 0.0741564 0.0801699 0.0772183 0.0968343 0.0949418
 0.000162758 0.000362704 0.00162445 -0.00838443 -0.057648 -0.0396929 -0.0800733 -0.0962331 -0.0940817
 3.4313e-06 7.64658e-06 -0.000349366 -0.00203279 -0.00563795 0.0537196 0.0266904 0.0136929 0.0530021
 7.23392e-08 1.61206e-07 0.00468451 -0.0230134 0.0164599 0.0179243 0.0516681 0.0650327 0.0120259
 1.52507e-09 3.39858e-09 -0.00833694 0.00123006 -0.0208153 -0.0243075 -0.0204196 -0.0205048 -0.00784836
 3.21517e-11 7.16494e-11 -0.000191819 4.51994e-05 -0.000648672 0.00171076 0.000760002 0.000351832 0.0109286
 6.77828e-13 1.51052e-12 -0.00034872 0.000282451 -0.0787511 -0.139048 -0.226654 -0.254141 -0.293995
 1.42901e-14 3.18451e-14 0.000208735 -0.000240379 0.0520543 0.0494927 0.0012257 0.0285966 -0.0211989
 0.385663 0.835583 1.29026 1.74069 2.1927 2.64414 3.09149 3.5428 3.99261
 0.00813062 0.0176159 0.0223889 0.0382919 0.0728694 0.0770531 0.0764273 0.097013 0.0955874
 0.000171411 0.000371381 0.00303505 -0.00898249 -0.0537595 -0.0436743 -0.0761841 -0.100145 -0.0901622
 3.61371e-06 7.82952e-06 -0.00127402 -0.0035811 -0.0051855 0.0529781 0.0228665 0.00970456 0.0570004
 7.61849e-08 1.65063e-07 0.00858069 -0.022146 0.0203851 0.0174994 0.0476816 0.0688643 0.00820427
 1.60614e-09 3.47989e-09 -0.00455604 0.00115153 -0.0206346 -0.0282321 -0.0185432 -0.0192637 -0.00788074
 3.3861e-11 7.33636e-11 -6.125e-05 3.19573e-05 -8.84634e-05 0.00189168 0.000693163 0.0015322 0.00702206
 7.13862e-13 1.54666e-12 -0.000868251 0.000425942 -0.0826549 -0.142959 -0.22275 -0.258032 -0.290172
 1.50498e-14 3.2607e-14 -0.000327833 -0.000119059 0.0558876 0.0524901 0.00522372 0.0246087 -0.0216022
 0.404986 0.855565 1.30992 1.76024 2.21191 2.66376 3.11196 3.5623 4.01158
 0.00853798 0.0180372 0.0267191 0.038405 0.07719 0.0788628 0.0777067 0.0955333 0.0964857
 0.000179999 0.000380263 0.00423818 -0.00749769 -0.0575841 -0.0475518 -0.0800728 -0.104092 -0.0862373
 3.79477e-06 8.01676e-06 -0.00208061 -0.0040701 -0.0091818 0.049462 0.0267002 0.00571547 0.0609988
 8.0002e-08 1.69011e-07 0.0124793 -0.0182504 0.0242165 0.0187061 0.0516781 0.0726959 0.00438269
 1.68662e-09 3.56311e-09 0.000420751 0.000772362 -0.0244695 -0.0315727 -0.0218325 -0.0199917 -0.00773324
 3.55575e-11 7.5118e-11 6.67054e-05 1.29908e-05 -0.000245167 0.00198227 0.000942103 0.000988566 0.00311929
 7.49629e-13 1.58365e-12 4.20426e-06 -0.000253227 -0.0865739 -0.146873 -0.22666 -0.261959 -0.286348
 1.58038e-14 3.33868e-14 -0.000659265 5.59256e-05 0.0597207 0.0563232 0.00386657 0.02062 -0.020848
 0.4248 0.875236 1.32926 1.77979 2.23201 2.68141 3.13143 3.58136 4.03117
 0.00895571 0.0184519 0.0310424 0.0387835 0.0776477 0.0753289 0.0778666 0.0998507 0.0975753
 0.000188806 0.000389005 0.0052774 -0.0045353 -0.0614901 -0.051542 -0.0839851 -0.107916 -0.084116
 3.98043e-06 8.20107e-06 -0.00135994 -0.00254778 -0.0125272 0.045472 0.0305334 0.00172895 0.0611954
 8.39162e-08 1.72896e-07 0.0160783 -0.0143063 0.0280617 0.0225376 0.0556746 0.0765275 0.00370588
 1.76913e-09 3.64503e-09 0.00415226 0.000828299 -0.0280532 -0.0291209 -0.0223921 -0.02223 -0.00966693
 3.72972e-11 7.68451e-11 0.000194182 1.63885e-05 -0.000473439 0.00160783 0.00106894 0.00168003 0.00478052
 7.86305e-13 1.62006e-12 -0.000383312 -0.000423644 -0.0904944 -0.150797 -0.230573 -0.26586 -0.282407
 1.6577e-14 3.41544e-14 -0.0011952 4.48046e-05 0.0635537 0.0523346 0.0011912 0.0170266 -0.0185912
 0.444545 0.894551 1.3495 1.79947 2.25115 2.7018 3.15126 3.60177 4.05108
 0.00937197 0.0227747 0.0345801 0.043114 0.0751049 0.071853 0.078398 0.104197 0.0968298
 0.000197581 -0.00343553 0.00592701 -0.00835967 -0.0592704 -0.0555309 -0.0844712 -0.111741 -0.0880474
 4.16545e-06 0.00384324 -0.00101671 0.00128726 -0.00857446 0.041482 0.0344388 0.00556401 0.0650282
 8.78166e-08 0.0039967 0.0171078 -0.0103195 0.0283091 0.0241713 0.0596726 0.0726927 0.00770235
 1.85136e-09 -0.00383141 0.00663891 -0.00300332 -0.024748 -0.0318323 -0.0214096 -0.0262266 -0.0134983
 3.90308e-11 0.000110054 0.000161821 0.000184834 -0.000367936 0.00133914 0.00135945 0.00199237 0.00476837
 8.22853e-13 -0.00391335 -0.000293227 -0.00433576 -0.0944078 -0.154718 -0.234483 -0.269769 -0.286323
 1.73475e-14 0.00383317 -0.000230005 0.003878 0.0673869 0.0483461 -0.000234928 0.0208599 -0.0225894
 0.463728 0.914347 1.36852 1.81922 2.27102 2.72063 3.1718 3.62018 4.071
 0.00977639 0.0205338 0.0366612 0.0474462 0.075151 0.0709687 0.080841 0.102045 0.0990561
 0.000206107 -0.000777221 0.00544183 -0.012184 -0.0553635 -0.0594652 -0.0846112 -0.10788 -0.0919161
 4.34519e-06 -1.63855e-05 -0.000439343 0.00512231 -0.00990926 0.0434555 0.0383516 0.00547108 0.0610408
 9.1606e-08 0.0038179 0.0139156 -0.00632305 0.0321966 0.0254492 0.0636707 0.0687849 0.011534
 1.93125e-09 -0.000234004 0.00868586 -0.00581043 -0.0213498 -0.0321313 -0.0202323 -0.0237107 -0.0173332
 4.0715e-11 -0.000187433 0.000269787 -2.86916e-05 -0.00014105 0.00173695 0.00145412 0.00153947 0.0066333
 8.5836e-13 -0.00321497 9.01181e-05 -0.00825594 -0.0983186 -0.158625 -0.238397 -0.265873 -0.290199
 1.80961e-14 0.00224082 -0.00102048 0.00771102 0.0633985 0.0443578 -0.000338308 0.0248577 -0.0187653
 0.483378 0.934034 1.38895 1.83994 2.28977 2.74037 3.18916 3.6405 4.08997
 0.0101907 0.0197031 0.038669 0.0493741 0.0716404 0.067479 0.0815159 0.098567 0.099419
 0.000214841 0.00173148 0.00376258 -0.016059 -0.0515316 -0.0634545 -0.0806813 -0.111869 -0.0958242
 4.52931e-06 0.00107001 -0.000155635 0.00895629 -0.0059226 0.0394655 0.0345187 0.00930262 0.0570525
 9.54877e-08 0.00248228 0.0100059 -0.00233634 0.0283748 0.0292807 0.0601753 0.0649598 0.0153656
 2.01309e-09 0.000261953 0.00996991 -0.00774281 -0.0175245 -0.0281447 -0.0163904 -0.0198855 -0.0211681
 4.24402e-11 5.75882e-05 0.000264137 -0.000213915 -0.000459421 0.00137401 0.0015877 0.00130686 0.00679636
 8.94732e-13 -0.000503581 7.66528e-05 -0.0121755 -0.102241 -0.162549 -0.234478 -0.269794 -0.294112
 1.88629e-14 -0.000529343 -0.000642949 0.0115441 0.05941 0.0403692 0.00365997 0.0208691 -0.0149419
 0.502496 0.953938 1.40759 1.86004 2.31011 2.75945 3.20931 3.65985 4.10991
 0.0105937 0.0187637 0.035732 0.0487021 0.0702127 0.0639754 0.0837494 0.095069 0.0993241
 0.000223338 0.0028542 0.0040752 -0.0199889 -0.0476461 -0.067444 -0.0767283 -0.115858 -0.0997419
 4.70845e-06 0.00258676 3.82931e-05 0.0127891 -0.001925 0.0354755 0.0306962 0.0131342 0.053064
 9.92644e-08 0.00161624 0.00922896 0.00166014 0.0245434 0.0331123 0.0583351 0.0611347 0.0191972
 2.09271e-09 -0.00097383 0.00648954 -0.0104667 -0.0198349 -0.0250074 -0.0166496 -0.0224929 -0.0248627
 4.41188e-11 2.3466e-05 0.000165714 -0.000209246 -0.000184229 0.000460938 0.00166493 -0.000813837 0.00863542
 9.3012e-13 0.000504838 0.000132182 -0.0160911 -0.106151 -0.166484 -0.230571 -0.273754 -0.297988
 1.96089e-14 -0.000520903 -0.00035445 0.0153772 0.0554119 0.0363804 0.00765806 0.0168798 -0.0111177
 0.522813 0.973124 1.42736 1.87831 2.32925 2.77985 3.22869 3.68015 4.12888
 0.011022 0.0191687 0.032243 0.0469184 0.0673117 0.0665003 0.0825806 0.091591 0.0958084
 0.000232368 0.00395621 0.00310552 -0.0239421 -0.0438013 -0.0713065 -0.0731259 -0.118921 -0.103732
 4.89882e-06 0.00551261 0.000230335 0.0166214 0.00207172 0.0314882 0.0268663 0.0169853 0.0490643
 1.03278e-07 0.000909324 0.00647703 0.0056566 0.0207217 0.0369439 0.0578872 0.05731 0.0230285
 2.17732e-09 -0.00119213 0.00252564 -0.0142982 -0.0214789 -0.0288423 -0.0176552 -0.0210511 -0.0219633
 4.59026e-11 1.75858e-05 2.43612e-05 -0.000244318 -0.000421932 0.000218481 0.0016949 -0.00321866 0.00754089
 9.67726e-13 -0.000524776 8.27496e-05 -0.0200075 -0.110072 -0.170404 -0.226664 -0.27772 -0.301927
 2.04017e-14 -0.000428253 0.000339475 0.0192103 0.0514233 0.0323918 0.00911884 0.0128903 -0.0151164
 0.542699 0.992134 1.44701 1.89953 2.35029 2.79886 3.24848 3.69891 4.14855
 0.0114413 0.0205836 0.0305822 0.0454873 0.0668588 0.0629953 0.0869134 0.0935841 0.100139
 0.000241207 0.00419986 0.00199317 -0.0265758 -0.039905 -0.075296 -0.0769502 -0.117108 -0.107556
 5.08516e-06 0.00500366 0.000256167 0.0193121 0.00606953 0.0274982 0.0307013 0.0209392 0.0528993
 1.07206e-07 0.00122287 0.00332502 0.009629 0.0169001 0.0407755 0.0618837 0.0534874 0.027025
 2.26014e-09 -0.000257213 -7.41577e-05 -0.0181301 -0.0235551 -0.0290486 -0.0214866 -0.0184651 -0.0257948
 4.76486e-11 -1.09974e-05 -4.48542e-05 -0.000339207 -0.000292835 -0.000773085 0.00197534 -0.000427013 0.00380549
 1.00454e-12 0.000398823 0.000116541 -0.0239251 -0.113985 -0.174341 -0.230574 -0.281577 -0.305922
 2.11778e-14 2.97524e-05 0.000510617 0.022592 0.0474349 0.028403 0.0129521 0.00890306 -0.0112947
 0.56254 1.01246 1.46691 1.91815 2.36852 2.81932 3.26816 3.71929 4.16871
 0.0118596 0.0210284 0.0287398 0.0490647 0.0685139 0.0595111 0.0898138 0.0965951 0.104479
 0.000250025 0.00351312 0.000606025 -0.0304161 -0.0359642 -0.0792852 -0.0808047 -0.115263 -0.106982
 5.27107e-06 0.00339 0.000907773 0.0153253 0.0100683 0.0234984 0.0345357 0.0248937 0.0489957
 1.11126e-07 0.00246992 -0.000576913 0.0134607 0.0130786 0.0446068 0.0654857 0.0496649 0.0308584
 2.34277e-09 -0.000291438 -0.00189728 -0.0156335 -0.0214888 -0.0307312 -0.0253264 -0.0169416 -0.0296296
 4.93906e-11 -1.89979e-05 -1.19139e-05 -0.000174032 -0.000251304 -0.000316059 0.00172971 0.00352078 0.00650983
 1.04126e-12 0.000172261 0.00077903 -0.0278373 -0.117899 -0.178247 -0.234495 -0.28541 -0.301949
 2.1952e-14 0.000128568 -0.000399255 0.0225256 0.0434465 0.0244049 0.0167851 0.00491638 -0.00729532
 0.582112 1.03165 1.48558 1.93796 2.38831 2.83794 3.28753 3.73826 4.18794
 0.0122722 0.0215942 0.0298958 0.0533981 0.0728468 0.0586255 0.091224 0.0956325 0.108019
 0.000258724 0.00192536 -0.00033058 -0.0342404 -0.031967 -0.0808556 -0.0846907 -0.119199 -0.106645
 5.45446e-06 6.83556e-05 0.00126418 0.0113388 0.0140683 0.0252127 0.0383695 0.0287264 0.045097
 1.14992e-07 0.00411539 -0.00448507 0.0172923 0.00925697 0.0429093 0.0686691 0.0476268 0.0346919
 2.42428e-09 -8.65766e-05 -0.00114893 -0.0116469 -0.0209701 -0.0317054 -0.0253919 -0.017879 -0.030647
 5.1109e-11 -8.48179e-06 8.27114e-06 -0.000889154 6.49555e-05 6.13867e-05 0.00219711 0.000462377 0.0025825
 1.07749e-12 -8.25358e-07 0.00108117 -0.0317681 -0.121808 -0.182155 -0.2384 -0.28939 -0.298126
 2.27158e-14 7.40488e-05 -0.000477018 0.0221296 0.0472798 0.0204167 0.020343 0.000926573 -0.00329905
 0.60102 1.05134 1.5064 1.95801 2.40801 2.85794 3.3075 3.7578 4.20804
 0.0126708 0.0218158 0.0322751 0.0577364 0.0743331 0.0556052 0.087739 0.0927711 0.109547
 0.000267128 0.000748585 -0.00160015 -0.0380646 -0.0280298 -0.080425 -0.0886798 -0.119836 -0.108483
 5.63164e-06 -0.00332804 0.00147464 0.00735233 0.018067 0.0215966 0.0343795 0.0326287 0.0420165
 1.18727e-07 0.00687709 -0.00839631 0.0148144 0.00543539 0.0389272 0.0725006 0.0451202 0.0385426
 2.50302e-09 -0.000255325 0.000410114 -0.0105047 -0.0210552 -0.0328934 -0.0214052 -0.0218475 -0.0305216
 5.27692e-11 -2.02957e-05 -6.73956e-06 -0.0016644 -0.000137872 -2.35427e-05 0.0019017 0.000612282 0.00475982
 1.11249e-12 -4.96642e-06 0.0010907 -0.0357001 -0.119479 -0.186072 -0.242322 -0.293302 -0.294174
 2.34537e-14 0.00016656 0.000100229 0.0259624 0.0512446 0.0164282 0.0163544 -0.00306179 0.000699936
 0.621241 1.07103 1.5254 1.97665 2.4275 2.87754 3.32645 3.77663 4.22724
 0.0130971 0.022051 0.0321738 0.0588549 0.0730367 0.0599341 0.0842328 0.0922266 0.106046
 0.000276115 0.000947365 -0.0022957 -0.0419567 -0.0241512 -0.0805831 -0.0926694 -0.121007 -0.105102
 5.82111e-06 -0.00372081 0.00175994 0.0033644 0.0220644 0.0177625 0.0303895 0.0365197 0.0381819
 1.22722e-07 0.00856358 -0.012306 0.0108244 0.00161378 0.042762 0.0763322 0.0435631 0.0423774
 2.58723e-09 -0.00048997 -8.71216e-05 -0.0111049 -0.0201598 -0.0288968 -0.0219072 -0.023322 -0.0265349
 5.45445e-11 -3.28558e-05 -8.66885e-06 -0.00177343 -0.000153646 0.000125649 0.00114833 -0.00266837 0.000937989
 1.14992e-12 -0.000298768 0.0013489 -0.0396181 -0.123395 -0.189985 -0.246254 -0.297287 -0.290349
 2.42427e-14 0.000275455 -2.33076e-05 0.0266863 0.0472561 0.0124301 0.0123656 -0.00706147 0.00469625
 0.64041 1.09021 1.54514 1.99694 2.44749 2.8978 3.34899 3.79892 4.24746
 0.0135012 0.0220367 0.0327514 0.0583733 0.0702777 0.0642768 0.0886236 0.0889098 0.104832
 0.000284635 0.00101523 -0.00247744 -0.0458825 -0.0203035 -0.0827765 -0.0964923 -0.119501 -0.102271
 6.00072e-06 -0.00336166 0.00167794 0.00488174 0.0260612 0.0166452 0.02807 0.0404671 0.036369
 1.26508e-07 0.00828365 -0.0139229 0.00916385 -0.00221763 0.0465735 0.0801989 0.0397404 0.0462549
 2.66707e-09 -0.00103465 0.000118211 -0.0121338 -0.0168221 -0.0251411 -0.0257413 -0.0273182 -0.0225473
 5.62275e-11 -6.21068e-05 9.47455e-06 -0.00305313 -0.000179706 0.00013347 0.0010089 -0.00646286 -0.000258567
 1.1854e-12 -0.000403595 0.00133871 -0.0435607 -0.11949 -0.1939 -0.250173 -0.301283 -0.286468
 2.49908e-14 0.000483164 -0.00018828 0.0264385 0.0467909 0.00844163 0.0161987 -0.00802955 0.00736995
 0.660318 1.10989 1.56434 2.01552 2.46618 2.91716 3.36622 3.81689 4.26645
 0.0139209 0.0216526 0.0335125 0.0592081 0.071504 0.0677093 0.0911842 0.0932041 0.103623
 0.000293483 0.00120274 -0.00217097 -0.0492812 -0.0163718 -0.0856727 -0.0995297 -0.120861 -0.106212
 6.18727e-06 -0.00137942 0.00106713 0.00206319 0.0300597 0.0152031 0.0292274 0.0443541 0.0323801
 1.30441e-07 0.00548593 -0.0113198 0.00732388 -0.00604901 0.0504587 0.0809642 0.0359165 0.0500865
 2.74998e-09 -0.00200828 0.000470393 -0.0120928 -0.0166335 -0.0289749 -0.0262796 -0.0300404 -0.0185606
 5.79755e-11 -9.60864e-05 2.06459e-05 -0.00204768 3.27327e-05 0.000119589 0.00115319 -0.00273814 -0.000154379
 1.22225e-12 -0.000544849 0.000851896 -0.0474552 -0.115579 -0.197816 -0.254085 -0.30512 -0.28256
 2.57676e-14 0.000646495 -0.000194368 0.0267748 0.0480292 0.0094256 0.0193239 -0.00419477 0.00354645
