7.619 0 0 0 0 0 0 0 0
7.719 -0.000665823 0.000408865 0.000332844 0.000276891 0.000861549 0.000117616 0.000129776 -0.00209331
7.819 0.00108528 0.000491982 0.000252814 0.000288343 -0.000894568 -0.000130968 0.000383146 0.00285331
7.919 0.00208731 0.000543688 0.000199365 0.000206302 -0.00202438 -0.000296588 0.000557887 0.00586609
8.019 -0.000534467 0.000428722 0.000320727 0.000230809 0.000558959 7.22663e-05 0.000185334 -0.00147456
8.12 0.000425981 0.000449826 0.000258706 0.000202038 -0.00041324 -6.57533e-05 0.000316989 0.0012493
8.219 0.00186435 0.000528214 0.000218458 0.000302642 -0.00166446 -0.000242073 0.000493325 0.00503904
8.32 0.00137627 0.000505738 0.000220865 0.000246129 -0.00141076 -0.000208586 0.000460757 0.00399908
8.42 0.00253557 0.000570288 0.00017663 0.000222186 -0.00258231 -0.00037704 0.000637774 0.00728973
8.519 -0.000175313 0.000451616 0.000307289 0.00021841 0.00017206 1.83463e-05 0.000244261 -0.000421373
8.619 -0.00112602 0.000379303 0.000342724 0.000291946 0.00128228 0.000185023 6.17889e-05 -0.00333904
8.72 0.00162139 0.000540775 0.000241053 0.000271862 -0.00151571 -0.000225005 0.000485852 0.00449349
8.819 0.000223951 0.000446845 0.000280572 0.000310511 -0.00013672 -2.16995e-05 0.000266104 0.000570504
8.921 -0.00067712 0.000396638 0.00032043 0.000282444 0.000836634 0.000119191 0.000125608 -0.00207722
9.019 0.000953527 0.000468258 0.000244969 0.000298238 -0.000779074 -0.000115415 0.000357648 0.00250471
9.119 0.00111293 0.000488272 0.000232116 0.000211856 -0.00110881 -0.000165469 0.000421166 0.00320255
9.22 -0.00128251 0.000381559 0.000345343 0.000293682 0.00130528 0.000184864 6.01898e-05 -0.00358933
9.319 0.000173994 0.00045218 0.000297519 0.000257307 2.13368e-05 2.49002e-06 0.000255745 0.00027638
9.419 0.000836153 0.000474874 0.000260254 0.000269863 -0.000663041 -9.88041e-05 0.000348929 0.00217744
9.52 -0.000337611 0.00041648 0.000303848 0.00031129 0.000451766 5.95328e-05 0.000179987 -0.00105325
9.623 -0.0310786 -0.0695835 -0.0696962 0.0703113 0.0309101 0.00445567 0.07018 0.0157663
9.723 -0.0225452 -0.0696919 -0.139696 0.140311 0.0214978 0.00309296 0.14018 0.0384634
9.822 -0.0100383 -0.0700336 -0.209696 0.210311 0.00860048 0.00022307 0.084787 0.0833211
9.922 -0.0130333 -0.140034 -0.139696 0.280311 0.0132056 0.00188635 0.154787 0.0762672
10.022 -0.0108961 -0.210034 -0.0696962 0.350311 0.0119602 0.00172801 0.218529 0.226267
10.122 -0.0800283 -0.280034 0.000303848 0.420311 0.0785905 0.011072 0.181719 0.35
10.222 -0.150028 -0.350034 0.0703038 0.490311 0.14859 0.010187 0.224787 0.35
10.318 -0.0800283 -0.280034 0.140304 0.420311 0.0785905 -0.000413177 0.294787 0.2
10.419 -0.0100283 -0.210034 0.0703038 0.350311 0.00859048 -0.000321117 0.224787 0.05
10.522 0.00977711 -0.140034 0.140304 0.280311 -0.0100143 -0.00145647 0.154787 -0.0137492
10.622 0.00938921 -0.0700336 0.210304 0.210311 -0.00874062 -0.0012901 0.084787 -0.0210247
10.721 0.00944138 -3.35574e-05 0.280304 0.140311 -0.0084309 -0.00124773 0.014787 -0.0281754
10.822 0.0773089 0.0699664 0.350304 0.0703113 -0.0765266 -0.0494779 -0.055213 0.128188
10.921 0.147309 0.0678109 0.280304 0.00031129 -0.146527 -0.0492286 0.00724137 0.278188
11.021 0.217309 0.146596 0.224736 -0.0696887 -0.216527 -0.0563277 -0.048496 0.428188
11.122 0.287309 0.216596 0.29978 -0.139689 -0.286527 -0.0649966 -0.0378828 0.578188
11.222 0.357309 0.215607 0.36978 -0.209689 -0.356527 -0.0913969 -0.104175 0.65
11.324 0.427309 0.157769 0.43978 -0.279689 -0.426527 -0.1099 -0.128855 0.65
11.422 0.487391 0.10734 0.50978 -0.349689 -0.480616 -0.131984 -0.185189 0.65
11.521 0.450241 -0.0552244 0.43978 -0.279689 -0.444834 -0.133906 -0.212686 0.65
11.622 0.497309 -0.125224 0.36978 -0.209689 -0.496527 -0.124989 -0.185189 0.65
11.72 0.567309 -0.195224 0.390636 -0.139689 -0.566527 -0.0911041 -0.201265 0.65
11.821 0.637309 -0.265224 0.320636 -0.0696887 -0.636527 -0.0697914 -0.131265 0.65
11.921 0.567309 -0.335224 0.250636 0.00031129 -0.566527 -0.0612611 -0.120474 0.60439
12.019 0.497309 -0.405224 0.320636 0.0703113 -0.496527 -0.0887029 -0.131265 0.476916
12.119 0.427309 -0.475224 0.250636 0.140311 -0.426527 -0.0293037 -0.201265 0.484556
12.221 0.357309 -0.405224 0.262694 0.210311 -0.356527 0.0301458 -0.271265 0.516423
12.321 0.287319 -0.475224 0.306301 0.280311 -0.286537 -0.00746432 -0.341265 0.614536
12.422 0.332118 -0.497359 0.376301 0.350311 -0.299192 -0.0397384 -0.271265 0.65
12.522 0.325503 -0.477216 0.446301 0.420311 -0.286537 -0.109738 -0.326533 0.65
12.621 0.367393 -0.545224 0.43687 0.490311 -0.356527 -0.179738 -0.28225 0.65
12.72 0.432926 -0.475234 0.446301 0.420311 -0.426527 -0.249738 -0.301531 0.65
12.82 0.497309 -0.405234 0.483436 0.350311 -0.496527 -0.309918 -0.254882 0.65
12.924 0.634489 -0.335234 0.476919 0.280311 -0.706527 -0.249738 -0.184882 0.65
13.023 0.74454 -0.265234 0.406919 0.210311 -0.776527 -0.179738 -0.254882 0.65
13.12 0.707309 -0.195234 0.336919 0.140311 -0.775397 -0.109738 -0.220966 0.56678
13.222 0.637309 -0.125234 0.266919 0.0703113 -0.729186 -0.0397384 -0.2711 0.476684
13.322 0.531055 -0.0552344 0.196919 0.00031129 -0.656773 0.0302616 -0.283971 0.390698
13.42 0.497309 -0.125234 0.266919 -0.0465021 -0.589186 -0.0397384 -0.353971 0.540698
13.521 0.523198 -0.195234 0.336919 -0.0512167 -0.521975 -0.0543839 -0.409348 0.65
13.622 0.528846 -0.254417 0.36216 -0.0559519 -0.531378 -0.0564799 -0.462606 0.65
13.723 0.526145 -0.247857 0.357978 -0.0608777 -0.528613 -0.055437 -0.508348 0.65
13.822 0.482591 -0.265234 0.406919 -0.064663 -0.472903 -0.0534199 -0.534846 0.65
13.92 0.448321 -0.335234 0.476919 -0.0660272 -0.435788 -0.0544066 -0.563971 0.65
14.022 0.385179 -0.33091 0.524482 -0.0660563 -0.382939 -0.0498959 -0.601857 0.65
14.123 0.315189 -0.27348 0.454492 -0.0668935 -0.312949 -0.0315134 -0.610625 0.65
14.222 0.245199 -0.230705 0.384502 -0.0686128 -0.242959 -0.0117778 -0.60142 0.369963
14.321 0.175199 -0.440705 0.581155 -0.0755588 -0.172959 -0.0817778 -0.53142 0.480493
14.416 0.105209 -0.370705 0.524502 -0.145559 -0.102969 -0.0117778 -0.46143 0.35
14.524 0.035209 -0.440705 0.594502 -0.215559 -0.0329691 0.0582222 -0.39143 0.35
14.622 -0.034791 -0.510705 0.664502 -0.285559 0.0370309 0.177411 -0.32143 0.35
14.721 -0.104791 -0.440705 0.594502 -0.215559 0.107031 0.198222 -0.25143 0.35
14.823 -0.034791 -0.370705 0.524502 -0.331629 0.0370309 0.408222 -0.18143 0.35
14.923 -0.104791 -0.300705 0.454502 -0.401629 0.107031 0.478222 -0.11143 0.35
15.021 -0.034791 -0.230705 0.384502 -0.331629 0.0370309 0.548222 -0.18143 0.35
15.121 0.035199 -0.160715 0.314512 -0.261639 -0.0329591 0.618222 -0.25143 0.35
15.222 -0.034801 -0.0907245 0.244522 -0.0516493 0.0370409 0.548222 -0.32143 0.35
15.321 -0.104801 -0.0207245 0.174522 0.0183507 0.107041 0.478222 -0.25143 0.35
15.422 -0.174801 0.0492755 0.104522 0.0883507 0.177041 0.408222 -0.18143 0.35
15.522 -0.239395 0.119275 0.034522 0.109604 0.234426 0.338222 -0.11143 0.35
15.622 -0.27388 0.189275 -0.035478 0.107385 0.268808 0.268222 -0.0414304 0.35
15.719 -0.244801 0.119275 -0.0862886 0.158351 0.247041 0.198222 0.0285696 0.35
15.819 -0.174801 0.0499836 -0.0620121 0.0883507 0.177041 0.128222 0.0251916 0.2
15.919 -0.104801 0.0346629 -0.0440052 0.0183507 0.107041 0.0582222 0.0129329 0.05
16.023 -0.174801 -0.0265926 0.0259948 0.00448 0.177041 -0.0117778 -0.0570671 -0.1
16.123 -0.244801 -0.026115 0.036089 0.0044431 0.247041 -0.0157752 -0.127067 -0.25
16.222 -0.253868 -0.0292093 0.0409958 0.00208654 0.2575 -0.0148217 -0.197067 -0.302333
16.321 -0.240533 -0.032923 0.0448838 -6.61686e-05 0.239871 -0.0129456 -0.267067 -0.282871
16.422 -0.229897 -0.0380248 0.0535234 -0.00424747 0.227854 -0.0115805 -0.337067 -0.263848
16.522 -0.209325 -0.0468838 0.0689292 -0.0104892 0.214124 -0.0102845 -0.407067 -0.22897
16.622 -0.202617 -0.0578181 0.0760564 -0.0103882 0.200566 -0.00915414 -0.477067 -0.20948
16.718 -0.104578 -0.119817 0.135532 -0.0597084 0.102812 0.00637757 -0.497196 -0.0304917
16.821 -0.0345781 -0.134168 0.183463 -0.0579743 0.0328115 0.0128961 -0.427196 0.119508
16.92 0.0354219 -0.156452 0.217322 -0.0711862 -0.0371885 0.0153087 -0.357196 0.269508
17.021 0.105422 -0.179842 0.248885 -0.0822171 -0.107188 0.0178578 -0.287206 0.419508
17.12 0.175422 -0.206527 0.275542 -0.0929097 -0.177188 0.0199386 -0.268941 0.569508
17.22 0.245422 -0.242112 0.345542 -0.102875 -0.247188 0.0213957 -0.335416 0.65
17.32 0.315422 -0.270693 0.410276 -0.111453 -0.317188 0.0226287 -0.392227 0.65
17.421 0.324301 -0.284067 0.43615 -0.117824 -0.323187 0.0229181 -0.442502 0.65
17.522 0.315422 -0.288387 0.448809 -0.128423 -0.317188 0.0231753 -0.490375 0.65
17.622 0.385422 -0.284817 0.44821 -0.132225 -0.387188 0.0223702 -0.522015 0.65
17.721 0.455422 -0.270169 0.434531 -0.134052 -0.457188 0.0207747 -0.554173 0.65
17.819 0.395082 -0.383073 0.399479 -0.123418 -0.397505 0.0155538 -0.579998 0.501256
17.919 0.325082 -0.453073 0.329479 -0.0534176 -0.327505 0.00975309 -0.509998 0.367119
18.019 0.255082 -0.523073 0.259479 0.0165824 -0.257505 0.00497253 -0.451864 0.306682
18.119 0.185082 -0.593073 0.189479 0.0865824 -0.187505 0.00442127 -0.496564 0.338636
18.221 0.115092 -0.663073 0.119489 0.156582 -0.117515 0.00384129 -0.521049 0.349075
18.322 0.0450922 -0.733073 0.189489 0.0865824 -0.0475154 0.00339264 -0.496564 0.367195
18.422 0.0306228 -0.663073 0.259479 -0.0968751 -0.0307359 -0.0305129 -0.426564 0.491822
18.523 0.0347418 -0.733073 0.329479 -0.0963221 -0.0357363 -0.0310317 -0.356564 0.496907
18.622 -0.0249178 -0.803073 0.399479 -0.123418 0.0224946 -0.0296693 -0.286564 0.465184
18.722 -0.0949178 -0.873073 0.469479 -0.193418 0.0924946 -0.0329994 -0.216564 0.445881
18.823 -0.164918 -0.943073 0.539479 -0.263418 0.162495 -0.0360795 -0.146564 0.399808
18.922 -0.234918 -1.01307 0.609479 -0.333418 0.232495 -0.0396983 -0.0765643 0.366985
19.022 -0.304918 -1.08307 0.679479 -0.403418 0.302495 -0.0410101 -0.00656429 0.35
19.121 -0.374918 -1.15307 0.749479 -0.473418 0.372495 -0.0414446 0.0634357 0.35
19.223 -0.444918 -1.22298 0.819479 -0.543418 0.442495 -0.0411596 0.133436 0.35
19.322 -0.514918 -1.2088 0.889479 -0.613418 0.512495 -0.0395496 0.203436 0.35
19.423 -0.584918 -1.15186 0.959479 -0.683418 0.582495 -0.036285 0.273436 0.35
19.521 -0.654918 -1.11224 1.02948 -0.753418 0.652495 -0.0323307 0.343436 0.35
19.622 -0.724918 -1.07646 1.09948 -0.823418 0.722495 -0.0296913 0.413436 0.35
19.722 -0.794918 -1.07377 1.16948 -0.893418 0.792495 -0.025072 0.43 0.35
19.822 -0.864918 -1.0919 1.23948 -0.963418 0.862495 -0.0220394 0.43 0.35
19.921 -0.934918 -1.15368 1.30948 -1.03342 0.932495 -0.0136693 0.43 0.401558
20.022 -0.864928 -1.22368 1.37948 -1.10342 0.862505 0.0033173 0.43 0.65
20.119 -0.794928 -1.15368 1.30948 -1.03342 0.792505 0.0185114 0.36 0.35
20.219 -0.724928 -1.08368 1.23948 -0.963418 0.722505 0.0258899 0.43 0.268449
20.317 -0.654928 -1.01368 1.16948 -0.893418 0.652505 0.00831011 0.5 0.118449
20.42 -0.584928 -0.94368 1.09948 -0.823418 0.582505 -0.00381839 0.500741 -0.0315509
20.524 -0.514928 -0.87368 1.02948 -0.753418 0.512505 -0.0155276 0.536403 -0.181551
20.622 -0.584928 -0.80368 0.959479 -0.683418 0.582505 -0.0248627 0.5 -0.0315509
20.722 -0.654928 -0.73368 0.889479 -0.613418 0.652505 -0.0575442 0.57 0.118449
20.822 -0.724928 -0.66368 0.819479 -0.543418 0.722505 -0.0553501 0.64 0.268449
20.924 -0.794928 -0.59368 0.749479 -0.473418 0.792505 -0.0486069 0.71 0.35
21.022 -0.864928 -0.52368 0.679479 -0.403418 0.862505 -0.032511 0.78 0.35
21.121 -0.934928 -0.45368 0.609479 -0.333418 0.932505 -0.0216689 0.71 0.35
21.222 -1.00493 -0.38368 0.539479 -0.263418 1.0025 -0.0193443 0.64 0.35
21.322 -1.07493 -0.31368 0.469479 -0.193418 1.0725 -0.0175648 0.57 0.35
21.422 -1.14493 -0.24368 0.399479 -0.123418 1.1425 -0.0155479 0.5 0.35
21.521 -1.21493 -0.17368 0.329479 -0.0534176 1.2125 -0.0138797 0.43 0.35
21.621 -1.28493 -0.10368 0.259479 0.0165824 1.2825 -0.0122229 0.36 0.35
21.722 -1.27451 -0.0336799 0.189479 0.028651 1.27476 -0.0109848 0.29 0.35
21.822 -1.24072 0.0229771 0.119479 0.0194091 1.24486 -0.00976402 0.22 0.35
21.921 -1.19627 -0.00846949 0.0494788 0.0600548 1.1992 -0.00791001 0.15 0.35
22.022 -1.12627 0.0363201 0.0658554 0.0197604 1.1292 -0.0061814 0.08 0.35
22.122 -1.05627 -0.0336799 0.0774898 -0.028032 1.0592 -0.0048334 0.00999999 0.2
22.222 -0.98627 -0.0530788 0.0899968 -0.0327244 0.989201 -0.00410005 -0.06 0.05
22.321 -0.91627 -0.0766485 0.12851 -0.0497312 0.919201 -0.00231282 -0.13 -0.1
22.422 -0.84627 -0.0840514 0.143651 -0.0576656 0.849201 0.000957392 -0.2 0.0725442
22.52 -0.77627 -0.0745141 0.127164 -0.0519502 0.779201 0.0031234 -0.27 0.222544
22.62 -0.70627 -0.0856898 0.147284 -0.0625886 0.709201 0.0049471 -0.34 0.372544
22.721 -0.63627 -0.0181074 0.22088 -0.134368 0.639201 0.00551588 -0.41 0.522544
22.822 -0.56627 0.0518926 0.236089 -0.204368 0.569201 0.00656444 -0.48 0.65
22.916 -0.49627 0.121893 0.23715 -0.274368 0.499201 0.00751903 -0.423379 0.65
23.02 -0.42627 0.191893 0.229186 -0.344368 0.429201 0.00866448 -0.392712 0.65
23.119 -0.35627 0.243279 0.226007 -0.414368 0.359201 0.0103748 -0.322712 0.65
23.22 -0.28627 0.22469 0.235121 -0.410395 0.289201 0.0109013 -0.252712 0.65
23.32 -0.21627 0.200741 0.202194 -0.409869 0.219201 0.01159 -0.182712 0.65
23.417 -0.14627 0.114638 0.235009 -0.382019 0.149201 0.0124113 -0.112712 0.65
23.52 -0.0762695 0.0575704 0.165009 -0.312019 0.079201 0.00529769 -0.0427124 0.35
23.62 -0.00626952 0.0702535 0.0950092 -0.242019 0.00920101 0.00382417 0.0272876 0.2
23.716 0.0637305 0.135147 0.0250092 -0.172019 -0.060799 0.00355371 0.0972876 0.05
23.82 0.112218 0.205147 -0.0449908 -0.102019 -0.110498 0.00329776 0.167288 -0.1
23.921 0.0852825 0.275147 -0.114991 -0.0320193 -0.0784193 0.00235661 0.237288 -0.236758
24.023 0.0677857 0.345147 -0.184991 0.0379807 -0.0744785 0.00225747 0.307288 -0.1
24.121 0.0637305 0.415147 -0.232984 0.0741443 -0.060799 0.0021839 0.377288 0.05
24.222 0.0704013 0.485147 -0.259764 0.0828025 -0.0735296 0.00226465 0.447288 0.2
24.322 0.0560564 0.555147 -0.281209 0.107981 -0.0668328 0.00206462 0.517288 0.35
24.424 0.0366941 0.625147 -0.324991 0.177981 -0.0435546 0.00134719 0.57 0.35
24.524 0.0332017 0.695147 -0.394991 0.247981 -0.0304813 0.000963479 0.57 0.35
24.622 0.0154274 0.765147 -0.464991 0.317981 -0.0147124 0.000443473 0.57 0.35
24.722 -0.0101562 0.835147 -0.534991 0.387981 0.00466497 -0.000151858 0.57 0.35
24.823 -0.032536 0.905147 -0.604991 0.457981 0.0385236 -0.00118494 0.57 0.35
24.923 -0.0988021 0.975147 -0.674991 0.527981 0.0970334 -0.00167443 0.57 0.35
25.024 -0.168802 1.04515 -0.744991 0.597981 0.163649 -0.00230542 0.57 0.35
25.122 -0.22161 1.11515 -0.814991 0.600753 0.217666 -0.00310456 0.57 0.35
25.222 -0.29161 1.18515 -0.884991 0.546294 0.287666 -0.00391071 0.57 0.35
25.324 -0.36161 1.25515 -0.954991 0.478689 0.357666 -0.00465168 0.57 0.35
25.426 -0.43161 1.32515 -1.02499 0.408699 0.427666 -0.00543997 0.57 0.35
25.522 -0.50161 1.25515 -0.988003 0.338699 0.497666 -0.00609705 0.612629 0.35
25.624 -0.43161 1.18515 -0.918003 0.268699 0.427666 -0.00683411 0.446099 0.2
25.724 -0.50161 1.11515 -0.97573 0.198699 0.497666 -0.00711241 0.476724 0.35
25.823 -0.43161 1.04515 -0.90573 0.128699 0.427666 -0.00690448 0.406724 0.2
25.922 -0.50161 0.975147 -0.954909 0.0945927 0.497666 -0.00684164 0.336724 0.35
26.024 -0.57161 0.905147 -0.938983 0.0731363 0.567666 -0.00628577 0.266724 0.35
26.123 -0.64161 0.835147 -0.887182 0.0495121 0.637666 -0.00611711 0.196724 0.35
26.221 -0.71161 0.784221 -0.863331 0.028854 0.707666 -0.00597213 0.126724 0.35
26.322 -0.78161 0.778633 -0.840781 0.0150429 0.777666 -0.00583886 0.0567236 0.35
26.422 -0.85161 0.772512 -0.819061 0.0106471 0.847666 -0.00560892 -0.0132764 0.35
26.525 -0.92161 0.740178 -0.771189 0.00635411 0.917666 -0.00533494 -0.0832764 0.35
26.622 -0.99161 0.687985 -0.70508 0.00437593 0.987666 -0.00506201 -0.153276 0.35
26.721 -1.06161 0.625916 -0.63509 0.00215584 1.05767 -0.00465604 -0.223276 0.35
26.823 -1.13161 0.555926 -0.5651 0.000724204 1.12767 -0.0042386 -0.293276 0.35
26.921 -1.20161 0.485936 -0.49511 0.00209595 1.19767 -0.00374483 -0.363276 0.35
27.022 -1.27161 0.415946 -0.42512 0.000605419 1.26767 -0.00329959 -0.433276 0.35
27.123 -1.34161 0.345946 -0.35512 0.00205024 1.33767 -0.00291141 -0.503276 0.35
27.222 -1.41161 0.275946 -0.28512 0.00170702 1.40767 -0.00245828 -0.549367 0.35
27.321 -1.48161 0.205946 -0.21512 -0.000768155 1.47767 -0.00205626 -0.561388 0.35
27.422 -1.55161 0.135946 -0.14512 -0.00187559 1.54767 -0.00181835 -0.573276 0.35
27.522 -1.4885 0.0659459 -0.0751201 -0.004117 1.48946 -0.00142076 -0.643276 0.35
27.622 -1.4185 -0.00405406 -0.00512014 -0.00679201 1.41946 -0.00118252 -0.58329 0.2
27.721 -1.3485 0.0185241 0.0648799 -0.0758221 1.34946 -0.000886343 -0.643276 0.05
27.821 -1.2785 0.083588 0.13488 -0.145822 1.27946 -0.000671878 -0.573276 -0.1
27.922 -1.2085 0.106297 0.20488 -0.215822 1.20946 -0.00050582 -0.57 -0.25
28.022 -1.1385 0.0988796 0.27488 -0.285822 1.13946 -0.000350468 -0.57 -0.235815
28.122 -1.0685 -0.00109929 0.236606 -0.215822 1.06946 -0.000342799 -0.57 -0.214473
28.223 -0.998496 -0.0710993 0.178239 -0.145822 0.999463 -0.000224683 -0.57 -0.179351
28.323 -0.928496 -0.141099 0.177613 -0.0758221 0.929463 -0.000173412 -0.57 -0.163965
28.422 -0.858496 -0.164575 0.177248 -0.0117667 0.859463 -0.00012519 -0.57 -0.146334
28.522 -0.788496 -0.16142 0.175571 -0.0138015 0.789463 -7.14436e-05 -0.57 -0.125694
28.621 -0.718496 -0.206364 0.0783192 0.0583407 0.719463 -0.000198185 -0.43 -0.0941924
28.722 -0.648496 -0.276364 0.148319 0.128341 0.649463 -0.000142112 -0.36 -0.0808352
28.822 -0.578496 -0.346364 0.218319 0.198341 0.579463 -7.94232e-05 -0.29 -0.0653844
28.923 -0.508496 -0.416364 0.288319 0.268341 0.509463 -6.81132e-05 -0.326367 -0.0635212
29.019 -0.438496 -0.486364 0.218319 0.338341 0.439463 2.21319e-05 -0.29 -0.055105
29.121 -0.368496 -0.416364 0.180286 0.268341 0.369463 0.000104494 -0.36 -0.0479561
29.223 -0.298496 -0.346364 0.171072 0.198341 0.299463 9.93013e-05 -0.43 -0.0427572
29.323 -0.228496 -0.276364 0.166891 0.128341 0.229463 9.09586e-05 -0.5 -0.0386252
29.422 -0.158496 -0.206364 0.166994 0.0583407 0.159463 0.000114109 -0.57 -0.028557
29.519 -0.0884955 -0.136364 0.0664573 0.00451409 0.0894632 -3.59291e-05 -0.43 -0.003512
29.619 -0.0184955 -0.0663642 -0.00354274 0.00288812 0.0194632 -2.4159e-05 -0.36 0.00411687
29.717 0.00280742 0.00265045 0.000732676 -0.000888225 -0.000165437 -8.29069e-06 -0.29 0.00279507
29.819 0.00020666 0.00196529 0.000909452 -0.000860726 0.000938266 -1.28283e-05 -0.22 -0.000583717
29.919 -0.00159963 0.00160495 0.000813689 -0.000418412 0.00122795 -1.23099e-05 -0.15 -0.00239688
30.018 -0.00302176 0.00160367 0.000832602 -0.000409676 0.00260509 -1.7687e-05 -0.08001 -0.00481865
30.119 -0.000136339 0.00164777 0.000818843 -0.000420341 -0.000262063 -6.21792e-06 -0.01002 0.000159508
30.219 0.000862584 0.0016617 0.000821537 -0.000413467 -0.00109498 -3.04453e-06 0.000544427 0.00174393
